#   omega [eV]     refractive_index      extinction_coeff       alpha[1/m]
0.000000     3.400496     0.000000     0.000000
0.015015     3.400528     0.000214     32.545495
0.030030     3.400624     0.000428     130.213116
0.045045     3.400784     0.000642     293.096254
0.060060     3.401009     0.000856     521.351148
0.075075     3.401298     0.001071     815.197259
0.090090     3.401651     0.001287     1174.918434
0.105105     3.402069     0.001503     1600.863745
0.120120     3.402552     0.001720     2093.449240
0.135135     3.403100     0.001937     2653.159732
0.150150     3.403714     0.002156     3280.550596
0.165165     3.404393     0.002375     3976.250414
0.180180     3.405138     0.002596     4740.963570
0.195195     3.405949     0.002818     5575.473676
0.210210     3.406827     0.003042     6480.646845
0.225225     3.407773     0.003267     7457.435876
0.240240     3.408786     0.003494     8506.885276
0.255255     3.409867     0.003722     9630.135380
0.270270     3.411017     0.003953     10828.429769
0.285285     3.412237     0.004186     12103.120002
0.300300     3.413526     0.004421     13455.673863
0.315315     3.414886     0.004658     14887.684581
0.330330     3.416318     0.004899     16400.878113
0.345345     3.417823     0.005142     17997.123650
0.360360     3.419400     0.005388     19678.448316
0.375375     3.421051     0.005637     21447.046353
0.390390     3.422778     0.005890     23305.297003
0.405405     3.424581     0.006146     25255.779552
0.420420     3.426461     0.006407     27301.294870
0.435435     3.428420     0.006672     29444.885145
0.450450     3.430459     0.006941     31689.859516
0.465465     3.432579     0.007215     34039.823219
0.480480     3.434781     0.007495     36498.710488
0.495495     3.437068     0.007780     39070.823693
0.510511     3.439441     0.008071     41760.874222
0.525526     3.441901     0.008368     44574.036642
0.540541     3.444452     0.008673     47516.008252
0.555556     3.447094     0.008985     50593.076431
0.570571     3.449831     0.009305     53812.204846
0.585586     3.452664     0.009634     57181.127410
0.600601     3.455597     0.009973     60708.466810
0.615616     3.458632     0.010322     64403.872296
0.630631     3.461772     0.010682     68278.184564
0.645646     3.465021     0.011055     72343.642422
0.660661     3.468382     0.011442     76614.122906
0.675676     3.471860     0.011843     81105.447604
0.690691     3.475459     0.012261     85835.753775
0.705706     3.479185     0.012698     90825.960198
0.720721     3.483041     0.013156     96100.347778
0.735736     3.487036     0.013636     101687.306485
0.750751     3.491175     0.014143     107620.278800
0.765766     3.495466     0.014680     113938.987241
0.780781     3.499918     0.015251     120691.041843
0.795796     3.504540     0.015861     127934.064971
0.810811     3.509344     0.016517     135738.544686
0.825826     3.514342     0.017227     144191.709196
0.840841     3.519550     0.018000     153402.892755
0.855856     3.524984     0.018850     163511.045163
0.870871     3.530664     0.019792     174695.464561
0.885886     3.536613     0.020848     187191.409717
0.900901     3.542858     0.022047     201313.228083
0.915916     3.549432     0.023428     217489.355615
0.930931     3.556370     0.025046     236316.320902
0.945946     3.563713     0.026977     258643.613239
0.960961     3.571502     0.029334     285708.886870
0.975976     3.579772     0.032284     319353.701102
0.990991     3.588522     0.036077     362358.334229
1.006006     3.597662     0.041084     418907.080615
1.021021     3.606872     0.047832     494989.336791
1.036036     3.615307     0.056916     597657.043554
1.051051     3.621193     0.068475     729455.286440
1.066066     3.622073     0.080721     872199.787106
1.081081     3.617728     0.088909     974196.338628
1.096096     3.613416     0.089695     996462.772141
1.111111     3.614627     0.086463     973711.567087
1.126126     3.620994     0.084477     964205.804976
1.141141     3.629329     0.085381     987521.743700
1.156156     3.638071     0.087984     1031008.273923
1.171171     3.648127     0.091895     1090823.001977
1.186186     3.659746     0.099181     1192405.101178
1.201201     3.670384     0.112037     1364016.894903
1.216216     3.675229     0.130236     1605413.143657
1.231231     3.669502     0.148567     1853976.503044
1.246246     3.654987     0.157335     1987344.909411
1.261261     3.642787     0.152551     1950126.620481
1.276276     3.641519     0.142047     1837471.412710
1.291291     3.649247     0.135340     1771309.832330
1.306306     3.659116     0.135627     1795706.340592
1.321321     3.665539     0.140061     1875729.163701
1.336336     3.668243     0.143146     1938822.374058
1.351351     3.671336     0.143308     1962822.269554
1.366366     3.676117     0.142855     1978369.033404
1.381381     3.681873     0.141789     1985184.713418
1.396396     3.690336     0.140210     1984403.879654
1.411411     3.701652     0.141192     2019793.188533
1.426426     3.712356     0.145770     2107463.012972
1.441441     3.720755     0.150659     2201083.180571
1.456456     3.730269     0.153992     2273210.090976
1.471471     3.743339     0.159724     2382123.653269
1.486486     3.756321     0.172126     2593295.990821
1.501502     3.762685     0.190136     2893570.667702
1.516517     3.758824     0.206837     3179214.239995
1.531532     3.748636     0.214057     3322755.056063
1.546547     3.742211     0.210289     3296266.713593
1.561562     3.746073     0.203951     3227963.407936
1.576577     3.756022     0.204167     3262452.011864
1.591592     3.762951     0.211601     3413450.544094
1.606607     3.762245     0.219163     3568792.000555
1.621622     3.757468     0.220378     3622114.643341
1.636637     3.753936     0.214546     3558899.012632
1.651652     3.755625     0.203124     3400354.209234
1.666667     3.765365     0.190604     3219768.112315
1.681682     3.780664     0.181826     3099152.667819
1.696697     3.797501     0.176256     3031032.604619
1.711712     3.816489     0.171406     2973722.349285
1.726727     3.840182     0.168902     2955988.586998
1.741742     3.867685     0.172596     3046893.487888
1.756757     3.895283     0.184466     3284510.689281
1.771772     3.918863     0.203684     3657701.897318
1.786787     3.936083     0.227442     4118952.343724
1.801802     3.946206     0.253798     4634880.522025
1.816817     3.946812     0.280465     5164555.278811
1.831832     3.937159     0.300930     5587212.353393
1.846847     3.923213     0.309128     5786463.114558
1.861862     3.913659     0.306209     5778410.486116
1.876877     3.912013     0.298297     5674503.708409
1.891892     3.917270     0.289977     5560366.411985
1.906907     3.926819     0.283473     5478790.892896
1.921922     3.938457     0.278388     5422878.464255
1.936937     3.951643     0.273550     5370259.531193
1.951952     3.967586     0.267989     5301870.442308
1.966967     3.988320     0.263516     5253493.551817
1.981982     4.012261     0.263735     5297991.539740
1.996997     4.034585     0.268119     5426856.583487
2.012012     4.054679     0.271147     5529412.457425
2.027027     4.078346     0.270775     5563039.499903
2.042042     4.110050     0.271701     5623401.640397
2.057057     4.148956     0.280630     5850915.227470
2.072072     4.189551     0.302520     6353338.012793
2.087087     4.223211     0.338257     7155353.304973
2.102102     4.240402     0.381976     8138289.303446
2.117117     4.238065     0.419461     9000775.581426
2.132132     4.227089     0.438472     9475440.010583
2.147147     4.222406     0.440821     9593286.431277
2.162162     4.230102     0.436420     9563931.881422
2.177177     4.247646     0.432874     9552092.849064
2.192192     4.270805     0.431106     9578684.573241
2.207207     4.300001     0.429363     9605306.084386
2.222222     4.338258     0.429569     9675297.136942
2.237237     4.385676     0.436556     9899101.373258
2.252252     4.439442     0.453742     10357845.987262
2.267267     4.496453     0.483184     11103467.531867
2.282282     4.552271     0.526332     12175111.796943
2.297297     4.601305     0.581349     13536227.867074
2.312312     4.641380     0.642464     15057007.863073
2.327327     4.676192     0.706250     16659403.562244
2.342342     4.708526     0.775146     18402526.806573
2.357357     4.737249     0.852350     20365125.230287
2.372372     4.759110     0.940849     22622790.213892
2.387387     4.765965     1.041988     25213263.012618
2.402402     4.748002     1.147731     27946633.753234
2.417417     4.705483     1.243392     30465135.223544
2.432432     4.649041     1.320225     32548586.226262
2.447447     4.589353     1.380110     34235010.914505
2.462462     4.528988     1.428583     35654854.373955
2.477477     4.466809     1.465569     36800995.140215
2.492492     4.406360     1.488300     37598264.057737
2.507508     4.354651     1.497847     38067408.988121
2.522523     4.317773     1.500836     38371777.808232
2.537538     4.296401     1.507708     38776904.964433
2.552553     4.284077     1.528198     39536457.734958
2.567568     4.267605     1.566397     40763115.433504
2.582583     4.233370     1.614284     42254972.075545
2.597598     4.179631     1.657155     43629323.000883
2.612613     4.112812     1.687654     44689133.307485
2.627628     4.035117     1.702121     45331251.529444
2.642643     3.951590     1.689410     45249830.461705
2.657658     3.883289     1.643927     44281789.340190
2.672673     3.849986     1.582621     42871262.408658
2.687688     3.850917     1.529891     41675701.659286
2.702703     3.871538     1.499705     41081639.734879
2.717718     3.896033     1.493113     41128267.288894
2.732733     3.915713     1.503645     41647214.610782
2.747748     3.928347     1.527471     42539588.974080
2.762763     3.928544     1.563291     43775077.285342
2.777778     3.909741     1.602967     45130021.006141
2.792793     3.874418     1.635020     46281279.662869
2.807808     3.830619     1.655626     47116515.046316
2.822823     3.781516     1.665754     47658246.628945
2.837838     3.728154     1.662150     47808080.493035
2.852853     3.677807     1.640536     47436078.797984
2.867868     3.640812     1.604155     46628243.030161
2.882883     3.622682     1.562502     45655301.092260
2.897898     3.621701     1.526230     44827704.740633
2.912913     3.629787     1.500966     44314090.153620
2.927928     3.640863     1.485000     44068725.094649
2.942943     3.653121     1.477819     44080511.297155
2.957958     3.661518     1.479246     44348188.343327
2.972973     3.662386     1.482823     44681096.253948
2.987988     3.660051     1.482210     44888186.750980
3.003003     3.662172     1.478114     44989089.028875
3.018018     3.672839     1.479340     45251534.361593
3.033033     3.683262     1.496186     45994552.233433
3.048048     3.677802     1.523384     47062474.043463
3.063063     3.655259     1.545012     47965754.551017
3.078078     3.625449     1.555239     48519951.821380
3.093093     3.592454     1.555845     48775632.022937
3.108108     3.557801     1.544008     48639514.542213
3.123123     3.529926     1.517421     48032877.571681
3.138138     3.518147     1.483761     47193207.288344
3.153153     3.520911     1.456858     46559224.842539
3.168168     3.524103     1.441847     46298913.453481
3.183183     3.518241     1.426511     46023575.128449
3.198198     3.512760     1.398651     45337583.673127
3.213213     3.521625     1.362930     44387087.837322
3.228228     3.546783     1.332065     43584598.140932
3.243243     3.581696     1.312284     43137077.927789
3.258258     3.622482     1.305122     43100293.108688
3.273273     3.664451     1.313876     43589317.106049
3.288288     3.700032     1.338392     44606363.758882
3.303303     3.723201     1.375431     46050135.490334
3.318318     3.727789     1.420068     47760717.554489
3.333333     3.709315     1.461852     49388486.971289
3.348348     3.671355     1.487912     50495343.147093
3.363363     3.624203     1.489300     50769118.106334
3.378378     3.582914     1.463245     50103591.533864
3.393393     3.563092     1.418532     48788417.977983
3.408408     3.568476     1.373314     47442208.377023
3.423423     3.588372     1.339179     46466810.613626
3.438438     3.612621     1.314305     45803723.877872
3.453453     3.639330     1.294818     45321673.409285
3.468468     3.667676     1.279049     44964381.303699
3.483483     3.699740     1.264532     44646455.629998
3.498498     3.739266     1.255268     44510404.634113
3.513514     3.781962     1.257116     44767248.047288
3.528529     3.821407     1.268794     45376229.489985
3.543544     3.855249     1.287163     46229043.871201
3.558559     3.881205     1.309415     47227483.176720
3.573574     3.899086     1.329866     48167514.973379
3.588589     3.913794     1.345678     48944987.736103
3.603604     3.926906     1.358549     49619887.371185
3.618619     3.938677     1.365497     50081472.832008
3.633634     3.955755     1.365606     50293297.713406
3.648649     3.981601     1.364690     50467260.545423
3.663664     4.015192     1.366551     50744034.976805
3.678679     4.056033     1.374708     51256139.463771
3.693694     4.100135     1.393032     52151357.055265
3.708709     4.141923     1.420858     53409296.246375
3.723724     4.178671     1.454137     54881551.917671
3.738739     4.212494     1.489156     56429833.615702
3.753754     4.247227     1.527886     58130008.964851
3.768769     4.280699     1.575985     60199816.572296
3.783784     4.304525     1.633575     62648249.978249
3.798799     4.314068     1.692284     65157301.665316
3.813814     4.313550     1.744455     67431488.797252
3.828829     4.309308     1.789348     69439149.714722
3.843844     4.303682     1.829078     71259299.283207
3.858859     4.297761     1.864007     72903769.095246
3.873874     4.293592     1.895495     74423751.911046
3.888889     4.291001     1.926354     75928553.211840
3.903904     4.287028     1.957112     77438740.929615
3.918919     4.280753     1.983641     78790320.591286
3.933934     4.277932     2.003751     79894041.901061
3.948949     4.282520     2.023247     80979281.199916
3.963964     4.290873     2.046321     82214236.358301
3.978979     4.301397     2.071837     83554658.220154
3.993994     4.314894     2.102575     85114283.079520
4.009009     4.325250     2.142054     87038401.071480
4.024024     4.324647     2.184533     89096907.314262
4.039039     4.314188     2.219455     90858998.044245
4.054054     4.302539     2.241736     92112270.194731
4.069069     4.297593     2.253299     92930322.476589
4.084084     4.304818     2.258467     93487163.751185
4.099099     4.327141     2.264930     94099366.839359
4.114114     4.361044     2.280093     95076327.785205
4.129129     4.400959     2.305620     96491638.723702
4.144144     4.444665     2.340812     98320678.965608
4.159159     4.490708     2.386623     100608091.275077
4.174174     4.536537     2.442900     103352208.320686
4.189189     4.581817     2.508908     106526627.542518
4.204204     4.625944     2.586799     110227498.010726
4.219219     4.664201     2.678181     114529000.984730
4.234234     4.691550     2.778470     119240569.257933
4.249249     4.711161     2.881072     124082290.404165
4.264264     4.730495     2.987926     129139020.725567
4.279279     4.751421     3.108012     134802151.775487
4.294294     4.767082     3.251029     141499900.939364
4.309309     4.763177     3.420234     149385000.336987
4.324324     4.725075     3.609496     158200668.348830
4.339339     4.641610     3.806273     167404488.449594
4.354354     4.505887     3.990937     176133575.352477
4.369369     4.324990     4.136244     183175937.289703
4.384384     4.127206     4.225832     187786518.080192
4.399399     3.941359     4.268852     190347882.319475
4.414414     3.779786     4.286418     191783472.013070
4.429429     3.639077     4.300342     193060891.600636
4.444444     3.498295     4.322247     194702064.518398
4.459459     3.334759     4.335557     195961467.547642
4.474474     3.155818     4.307891     195366588.026538
4.489489     2.996441     4.228379     192404113.340016
4.504505     2.887149     4.118338     188023662.898425
4.519520     2.832868     4.012400     183797658.744792
4.534535     2.817182     3.934964     180849362.538918
4.549550     2.820059     3.895548     179630659.645363
4.564565     2.822033     3.898302     180350918.140071
4.579580     2.797772     3.940023     182880700.768750
4.594595     2.720958     3.998216     186190272.341662
4.609610     2.586474     4.028650     188220641.783272
4.624625     2.428964     3.994171     187217601.899636
4.639640     2.297238     3.898558     183329273.497839
4.654655     2.216116     3.773578     178026387.316942
4.669670     2.184023     3.649333     172720221.379264
4.684685     2.188575     3.542295     168193271.899359
4.699700     2.218833     3.459898     164807477.988721
4.714715     2.265255     3.408001     162854104.485213
4.729730     2.315420     3.390982     162556881.814646
4.744745     2.354610     3.407123     163849156.975878
4.759760     2.370978     3.448937     166384889.161270
4.774775     2.355074     3.506742     169707178.225124
4.789790     2.297706     3.565013     173069717.292061
4.804805     2.199634     3.597231     175181265.943993
4.819820     2.085583     3.580463     174909527.387731
4.834835     1.989795     3.520075     172495230.790555
4.849850     1.925911     3.440650     169126761.378498
4.864865     1.888315     3.359249     165636685.060257
4.879880     1.870492     3.280944     162274938.544969
4.894895     1.870313     3.209932     159251216.964912
4.909910     1.882043     3.151695     156841599.891130
4.924925     1.897952     3.104561     154968448.008891
4.939940     1.918263     3.063696     153394861.717450
4.954955     1.946769     3.031322     152235286.724628
4.969970     1.982209     3.014030     151825568.508670
4.984985     2.017797     3.017188     152443780.694363
5.000000     2.042824     3.041710     154145669.299814
5.015015     2.046122     3.081503     156631245.890574
5.030030     2.020717     3.124443     159289363.909565
5.045045     1.965974     3.154091     161280832.677170
5.060060     1.894148     3.152975     161703631.460314
5.075075     1.829237     3.118618     160416182.886650
5.090090     1.786017     3.067011     158228361.916041
5.105105     1.761460     3.013589     155930938.341892
5.120120     1.747862     2.961188     153670178.595983
5.135135     1.745678     2.907727     151338359.637611
5.150150     1.758943     2.858291     149200381.248403
5.165165     1.783708     2.822036     147737368.106625
5.180180     1.809691     2.800746     147048990.301022
5.195195     1.830776     2.788069     146807729.997868
5.210210     1.848892     2.777466     146672125.484002
5.225225     1.869891     2.768768     146634142.644121
5.240240     1.895904     2.768115     147020819.724714
5.255255     1.922140     2.781485     148154209.027696
5.270270     1.940186     2.809996     150100498.204251
5.285285     1.941816     2.849226     152629626.850591
5.300300     1.922343     2.890487     155279810.796280
5.315315     1.881741     2.923565     157501716.390613
5.330330     1.825010     2.938159     158735095.766616
5.345345     1.763948     2.926745     158563826.169254
5.360360     1.714721     2.891933     157117920.884946
5.375375     1.686030     2.847625     155144067.946284
5.390390     1.673247     2.806340     153321821.233335
5.405405     1.668623     2.770423     151781156.547028
5.420420     1.669806     2.738801     150465533.988099
5.435435     1.675298     2.713133     149468250.359318
5.450450     1.680601     2.693495     148796295.115056
5.465465     1.683250     2.675528     148210915.502648
5.480480     1.685999     2.655526     147507027.957847
5.495495     1.692728     2.634628     146747162.729861
5.510511     1.703856     2.615906     146102456.441156
5.525526     1.718371     2.601267     145680711.704477
5.540541     1.733533     2.592268     145571253.044381
5.555556     1.746340     2.585923     145608450.409419
5.570571     1.760444     2.579400     145633697.326246
5.585586     1.778547     2.577565     145922365.319548
5.600601     1.795819     2.584836     146727351.448395
5.615616     1.805126     2.599631     147962834.016121
5.630631     1.801974     2.614402     149201385.109148
5.645646     1.789843     2.618892     149856188.637342
5.660661     1.780656     2.609785     149732250.524504
5.675676     1.782728     2.595463     149305545.345304
5.690691     1.793247     2.584054     149042479.366830
5.705706     1.808475     2.575342     148931902.124841
5.720721     1.830860     2.569355     148976735.928863
5.735736     1.861175     2.572113     149528058.972652
5.750751     1.893521     2.588314     150863775.899051
5.765766     1.921440     2.616228     152888935.033023
5.780781     1.943510     2.652261     155398292.529426
5.795796     1.959830     2.696766     158416301.404173
5.810811     1.966260     2.751060     162024340.239714
5.825826     1.956599     2.811643     166020286.065405
5.840841     1.927978     2.870696     169944097.610615
5.855856     1.882606     2.919561     173281219.818730
5.870871     1.828018     2.952230     175669472.875516
5.885886     1.773193     2.969557     177152379.519597
5.900901     1.722577     2.976419     178014694.906262
5.915916     1.677110     2.977070     178506722.503910
5.930931     1.636019     2.974861     178826967.944525
5.945946     1.596667     2.972006     179107632.857936
5.960961     1.554661     2.967027     179259124.598105
5.975976     1.509839     2.952566     178834796.612427
5.990991     1.472262     2.924205     177561980.255048
6.006006     1.452751     2.890646     175964178.223882
6.021021     1.449751     2.866830     174950675.437430
6.036036     1.450711     2.860620     175007028.539165
6.051051     1.442262     2.867847     175885620.978508
6.066066     1.419305     2.877080     176889750.380207
6.081081     1.385758     2.878572     177419543.992330
6.096096     1.349552     2.868715     177248589.935081
6.111111     1.316910     2.849873     176518069.711615
6.126126     1.289869     2.825373     175430586.219037
6.141141     1.269631     2.797292     174112699.028144
6.156156     1.257363     2.768314     172730316.883900
6.171171     1.253158     2.741981     171504502.848912
6.186186     1.254903     2.722464     170698106.345578
6.201201     1.256925     2.711686     170434980.637312
6.216216     1.254383     2.706034     170491555.267705
6.231231     1.247618     2.701241     170600674.658355
6.246246     1.237767     2.696028     170681729.687569
6.261261     1.225205     2.688621     170621934.993109
6.276276     1.212435     2.677167     170302482.978811
6.291291     1.203052     2.662726     169789114.883015
6.306306     1.198182     2.649038     169319414.702147
6.321321     1.195328     2.638466     169045194.343236
6.336336     1.192696     2.629707     168884231.792990
6.351351     1.191969     2.622528     168822292.111910
6.366366     1.192975     2.620576     169095426.286481
6.381381     1.190572     2.625769     169830116.184072
6.396396     1.179636     2.634465     170793511.517449
6.411411     1.159219     2.640430     171582014.556283
6.426426     1.132672     2.638315     171846121.832499
6.441441     1.105817     2.626263     171460807.759715
6.456456     1.083993     2.606355     170557713.755947
6.471471     1.069553     2.583099     169428944.856313
6.486486     1.061770     2.560264     168320776.234689
6.501502     1.058797     2.540277     167393406.635499
6.516517     1.057585     2.523823     166693185.556986
6.531532     1.056560     2.508568     166067409.888048
6.546547     1.057968     2.493116     165423908.957560
6.561562     1.063755     2.480193     164943856.464065
6.576577     1.071919     2.473051     164845257.799489
6.591592     1.079158     2.472129     165160042.799052
6.606607     1.082959     2.476670     165840289.075933
6.621622     1.080465     2.484826     166764593.413046
6.636637     1.070513     2.492128     167633935.929837
6.651652     1.055874     2.495112     168214350.961292
6.666667     1.039197     2.493396     168478145.645988
6.681682     1.022360     2.486432     168385943.346502
6.696697     1.008672     2.474636     167963727.950594
6.711712     1.000664     2.461615     167454549.596531
6.726727     0.996625     2.451912     167167616.623076
6.741742     0.992056     2.446137     167146162.563517
6.756757     0.985144     2.441301     167187262.341174
6.771772     0.977120     2.435799     167181150.133562
6.786787     0.968700     2.429712     167133149.781037
6.801802     0.960135     2.423057     167044063.499067
6.816817     0.951497     2.415877     166916770.611934
6.831832     0.943051     2.407757     166722199.664540
6.846847     0.935999     2.399170     166492701.733409
6.861862     0.929829     2.392024     166360826.736881
6.876877     0.922203     2.386126     166313749.964272
6.891892     0.912479     2.379054     166182887.218816
6.906907     0.902612     2.369011     165841899.455799
6.921922     0.895294     2.356715     165339758.649362
6.936937     0.891566     2.344872     164865748.492140
6.951952     0.889760     2.336042     164600386.216366
6.966967     0.886799     2.330140     164539196.069827
6.981982     0.881413     2.324792     164515337.628371
6.996997     0.874540     2.318092     164393988.804763
7.012012     0.867947     2.309593     164142709.485894
7.027027     0.862788     2.300464     163844015.199623
7.042042     0.858371     2.291679     163567088.151029
7.057057     0.854417     2.282343     163248071.984760
7.072072     0.852693     2.272432     162885011.878347
7.087087     0.854275     2.264302     162646827.987639
7.102102     0.857872     2.261096     162760632.275836
7.117117     0.859016     2.264604     163357817.427657
7.132132     0.852335     2.271695     164215070.750757
7.147147     0.836995     2.275403     164829368.199145
7.162162     0.818175     2.270789     164840705.312470
7.177177     0.802194     2.258964     164326086.716603
7.192192     0.791462     2.244223     163595275.620193
7.207207     0.785144     2.229806     162883665.909200
7.222222     0.781683     2.217075     162291142.105822
7.237237     0.779915     2.206713     161868438.621147
7.252252     0.778301     2.199185     161650934.477682
7.267267     0.775083     2.194026     161605630.683274
7.282282     0.768681     2.189693     161619698.006440
7.297297     0.758911     2.183143     161468468.128425
7.312312     0.748596     2.172032     160977229.049132
7.327327     0.741194     2.157329     160215874.976649
7.342342     0.737948     2.141778     159386864.183187
7.357357     0.737973     2.127682     158661709.981005
7.372372     0.739371     2.115492     158074654.014737
7.387387     0.741801     2.103978     157534454.387312
7.402402     0.746902     2.093476     157066717.743163
7.417417     0.754673     2.086826     156885417.012431
7.432432     0.761900     2.085604     157110930.582693
7.447447     0.765789     2.087789     157593253.005802
7.462462     0.766997     2.091114     158162453.808231
7.477477     0.766382     2.096593     158895892.769390
7.492492     0.761161     2.105126     159863011.213932
7.507508     0.748090     2.113335     160808025.330885
7.522523     0.728123     2.115440     161290078.884569
7.537538     0.706872     2.108329     161068795.302454
7.552553     0.689792     2.094346     160319247.243711
7.567568     0.678305     2.077868     159374128.326264
7.582583     0.671015     2.061826     158457478.924377
7.597598     0.665947     2.047049     157633367.687186
7.612613     0.661766     2.033192     156875652.304347
7.627628     0.657820     2.019225     156105355.140771
7.642643     0.654824     2.003941     155228685.607011
7.657658     0.654428     1.987483     154256326.518259
7.672673     0.657449     1.971215     153293681.514765
7.687688     0.663998     1.956228     152425921.429642
7.702703     0.674512     1.944108     151777383.484037
7.717718     0.687984     1.937773     151577687.601839
7.732733     0.700606     1.939182     151982996.942914
7.747748     0.707428     1.946745     152872029.304095
7.762763     0.706168     1.955235     153836257.209205
7.777778     0.699432     1.959921     154503213.026582
7.792793     0.691429     1.960275     154829508.032639
7.807808     0.684046     1.958277     154969716.212479
7.822823     0.676969     1.955234     155026464.017927
7.837838     0.670106     1.950977     154985781.955812
7.852853     0.664373     1.946281     154908952.908957
7.867868     0.658608     1.942882     154934066.875499
7.882883     0.650450     1.939732     154978112.304399
7.897898     0.640171     1.934286     154837382.680877
7.912913     0.629536     1.925698     154442969.332989
7.927928     0.619834     1.914060     153800878.600217
7.942943     0.612380     1.899787     152943088.481299
7.957958     0.608108     1.884169     151972483.637809
7.972973     0.606844     1.868395     150984591.437134
7.987988     0.608573     1.852850     150010320.856018
8.003003     0.613826     1.838661     149141397.080625
8.018018     0.621883     1.827647     148526122.646273
8.033033     0.631057     1.820620     148232132.479763
8.048048     0.639832     1.817595     148262444.909963
8.063063     0.646769     1.818262     148593616.073978
8.078078     0.650275     1.821708     149152460.186258
8.093093     0.649266     1.825829     149767663.383458
8.108108     0.644497     1.828189     150239485.777527
8.123123     0.637715     1.827924     150495910.080084
8.138138     0.629919     1.824869     150522122.407314
8.153153     0.622435     1.818589     150280847.205559
8.168168     0.617217     1.809817     149831428.848618
8.183183     0.615140     1.800631     149344949.925703
8.198198     0.615552     1.793030     148987406.140503
8.213213     0.616794     1.788264     148863543.496845
8.228228     0.616594     1.786321     148973615.476657
8.243243     0.613105     1.785584     149183896.526892
8.258258     0.605884     1.783488     149280206.714913
8.273273     0.596394     1.777520     149051169.062401
8.288288     0.587564     1.766896     148429196.829206
8.303303     0.581817     1.752833     147514603.534967
8.318318     0.580409     1.737396     146479839.962287
8.333333     0.583296     1.723024     145530381.179646
8.348348     0.588899     1.711572     144823589.284819
8.363363     0.594993     1.703201     144374434.341734
8.378378     0.600429     1.696510     144065444.923831
8.393393     0.606009     1.690400     143803835.400143
8.408408     0.612850     1.685993     143685580.027578
8.423423     0.619413     1.685376     143889438.265664
8.438438     0.622249     1.687681     144343076.379268
8.453453     0.620469     1.689116     144722902.385637
8.468468     0.616571     1.687236     144818526.786413
8.483483     0.613137     1.682499     144668066.676816
8.498498     0.611051     1.676285     144388867.230362
8.513514     0.610337     1.669535     144061506.638596
8.528529     0.610742     1.662959     143747104.772138
8.543544     0.611479     1.656941     143479060.414319
8.558559     0.611799     1.650698     143189738.538652
8.573574     0.612411     1.643145     142784558.720728
8.588589     0.614642     1.634460     142278626.959607
8.603604     0.619213     1.625595     141754348.352860
8.618619     0.626243     1.617643     141307075.577486
8.633634     0.635578     1.611598     141024274.437145
8.648649     0.646595     1.609071     141047987.034964
8.663664     0.656581     1.611031     141464967.966623
8.678679     0.662959     1.615265     142082649.167391
8.693694     0.666307     1.618808     142640603.391115
8.708709     0.668560     1.620671     143051454.711829
8.723724     0.671328     1.620961     143323715.226547
8.738739     0.676375     1.620669     143544544.748276
8.753754     0.684477     1.622746     143975420.125439
8.768769     0.693004     1.630179     144882967.046890
8.783784     0.697716     1.642425     146221302.361597
8.798799     0.696458     1.656207     147700348.440725
8.813814     0.689650     1.668059     149011151.548270
8.828829     0.679655     1.675632     149942654.834467
8.843844     0.669630     1.678770     150478942.196663
8.858859     0.661685     1.679360     150787464.030989
8.873874     0.655936     1.679805     151082976.094330
8.888889     0.651035     1.681730     151512087.639905
8.903904     0.644680     1.685316     152091655.550945
8.918919     0.635337     1.688373     152624440.138980
8.933934     0.624336     1.688683     152909471.979674
8.948949     0.613501     1.686373     152956900.669398
8.963964     0.603353     1.682020     152818107.836190
8.978979     0.594294     1.675628     152492366.663050
8.993994     0.587463     1.667237     151982429.312532
9.009009     0.584380     1.658445     151433348.871337
9.024024     0.584344     1.652228     151117134.596676
9.039039     0.584204     1.649513     151119860.142403
9.054054     0.581810     1.648243     151254357.912349
9.069069     0.577766     1.645952     151294608.353297
9.084084     0.574242     1.642180     151197816.088087
9.099099     0.572306     1.638614     151118825.679850
9.114114     0.570884     1.636659     151187646.474043
9.129129     0.568530     1.636066     151381801.957775
9.144144     0.564703     1.635790     151605201.091558
9.159159     0.559772     1.635007     151781477.712318
9.174174     0.554159     1.633686     151907482.123079
9.189189     0.547608     1.631613     151962970.038309
9.204204     0.540468     1.627718     151847925.398041
9.219219     0.534468     1.621686     151532064.717157
9.234234     0.530966     1.615098     151162189.832549
9.249249     0.529426     1.609991     150929247.531376
9.264264     0.527955     1.607181     150910461.675820
9.279279     0.524883     1.605609     151007191.368874
9.294294     0.520387     1.603662     151068119.793928
9.309309     0.515415     1.601269     151086390.529753
9.324324     0.509489     1.598902     151106369.661676
9.339339     0.501806     1.595370     151015349.660532
9.354354     0.493504     1.588888     150643547.411456
9.369369     0.487094     1.579466     149990632.841240
9.384384     0.484077     1.569249     149259184.151782
9.399399     0.483650     1.560629     148676806.750434
9.414414     0.483483     1.554177     148298645.966883
9.429429     0.482300     1.548030     147947748.363907
9.444444     0.481673     1.540648     147476712.148714
9.459459     0.483569     1.533336     147010070.029558
9.474474     0.487528     1.528541     146782955.452747
9.489489     0.491389     1.527229     146889403.644463
9.504505     0.493181     1.528711     147264570.300724
9.519520     0.491785     1.531480     147764447.378343
9.534535     0.486932     1.533726     148214558.113564
9.549550     0.479472     1.533505     148426523.332295
9.564565     0.471613     1.530049     148324882.490076
9.579580     0.464885     1.524457     148014814.756745
9.594595     0.459421     1.517638     147583727.133009
9.609610     0.455563     1.509924     147063339.937534
9.624625     0.453871     1.502392     146558366.988589
9.639640     0.453569     1.496791     146239792.028705
9.654655     0.452233     1.493411     146136829.038942
9.669670     0.448345     1.490014     146031171.006546
9.684685     0.443192     1.484246     145691723.221430
9.699700     0.439189     1.476117     145118420.784886
9.714715     0.437230     1.467321     144476954.161559
9.729730     0.436597     1.458747     143854779.203037
9.744745     0.437089     1.450138     143226490.374479
9.759760     0.439264     1.441756     142618033.486389
9.774775     0.443253     1.434569     142125429.595997
9.789790     0.448419     1.429515     141842248.040081
9.804805     0.453678     1.426956     141805464.265974
9.819820     0.458034     1.426704     141997573.345910
9.834835     0.460667     1.428270     142370829.909639
9.849850     0.460972     1.430942     142854883.912268
9.864865     0.458392     1.433825     143360906.231894
9.879880     0.452693     1.435264     143723204.718513
9.894895     0.445156     1.433430     143757696.019740
9.909910     0.438102     1.427953     143425752.194776
9.924925     0.433306     1.419955     142838494.859618
9.939940     0.431585     1.411130     142165537.371372
9.954955     0.432619     1.403456     141605956.255203
9.969970     0.434695     1.398050     141273306.811689
9.984985     0.436178     1.394257     141102236.264428
10.000000     0.436912     1.390851     140969126.329117
10.015015     0.437493     1.387533     140844070.958278
10.030030     0.437974     1.384623     140759379.871201
10.045045     0.437975     1.382007     140703721.200459
10.060060     0.437538     1.379233     140631198.583638
10.075075     0.437002     1.376189     140530274.200959
10.090090     0.436551     1.373015     140415084.491407
10.105105     0.436157     1.369900     140305039.113866
10.120120     0.435526     1.366829     140198535.360472
10.135135     0.434613     1.363255     140039328.515295
10.150150     0.434164     1.358855     139794193.390866
10.165165     0.434949     1.354254     139526989.486639
10.180180     0.436820     1.350527     139348537.328203
10.195195     0.438840     1.348060     139299106.878526
10.210210     0.440432     1.346443     139336925.261453
10.225225     0.441499     1.345386     139432249.798965
10.240240     0.441818     1.344690     139564792.667786
10.255255     0.441246     1.343835     139680546.019664
10.270270     0.440135     1.342152     139709881.794499
10.285285     0.439509     1.339470     139634511.938982
10.300300     0.440073     1.336758     139555240.006190
10.315315     0.441293     1.334879     139562263.517514
10.330330     0.442715     1.333808     139653292.650240
10.345345     0.444203     1.333848     139860403.710711
10.360360     0.444905     1.335206     140205979.194762
10.375375     0.444071     1.337114     140609819.601472
10.390390     0.441922     1.338587     140968452.094435
10.405405     0.439212     1.339439     141262059.916958
10.420420     0.436004     1.340094     141535041.063044
10.435435     0.431888     1.340189     141749058.659764
10.450450     0.427419     1.339019     141829073.926809
10.465465     0.423530     1.336919     141810137.668637
10.480480     0.420255     1.334715     141779474.650009
10.495495     0.417087     1.332643     141762125.252578
10.510511     0.413800     1.330507     141737462.230968
10.525526     0.410267     1.328142     141687580.798662
10.540541     0.406645     1.324996     141553626.499104
10.555556     0.403890     1.321138     141342488.007960
10.570571     0.402235     1.317641     141168951.962515
10.585586     0.400938     1.315150     141102214.315463
10.600601     0.399104     1.313599     141135722.213691
10.615616     0.396099     1.312176     141182468.884103
10.630631     0.392398     1.309847     141131267.691930
10.645646     0.389015     1.306763     140997755.347203
10.660661     0.385892     1.303643     140859584.484597
10.675676     0.382601     1.300319     140698290.958133
10.690691     0.379441     1.296506     140483008.619293
10.705706     0.376559     1.292530     140248881.420981
10.720721     0.373639     1.288239     139979361.034632
10.735736     0.371166     1.283212     139628416.303914
10.750751     0.369772     1.277955     139250834.676795
10.765766     0.369356     1.273146     138920590.037354
10.780781     0.369609     1.269191     138682150.838591
10.795796     0.370004     1.266405     138570505.277684
10.810811     0.369864     1.264656     138571542.666407
10.825826     0.368824     1.263536     138641146.269374
10.840841     0.366602     1.262648     138735844.171282
10.855856     0.363032     1.261238     138772937.572814
10.870871     0.358679     1.258469     138659781.909630
10.885886     0.354518     1.254247     138385447.555242
10.900901     0.351157     1.248999     137996436.222812
10.915916     0.348899     1.243312     137557310.645963
10.930931     0.347518     1.237778     137133483.085667
10.945946     0.346648     1.232373     136722231.004771
10.960961     0.346491     1.227003     136313161.567500
10.975976     0.347218     1.222098     135954179.913916
10.990991     0.348569     1.218110     135695958.493189
11.006006     0.350085     1.215352     135573659.109107
11.021021     0.350944     1.213839     135589564.443637
11.036036     0.350494     1.212693     135646149.511706
11.051051     0.349304     1.210923     135632426.040064
11.066066     0.348329     1.208815     135580282.474934
11.081081     0.347346     1.207210     135584014.311198
11.096096     0.345500     1.205931     135623877.764814
11.111111     0.342651     1.204142     135605960.307838
11.126126     0.339299     1.201190     135456288.778767
11.141141     0.336382     1.196901     135154784.314558
11.156156     0.334745     1.191975     134779955.073776
11.171171     0.334274     1.187537     134458834.010860
11.186186     0.334041     1.183967     134234841.105551
11.201201     0.333507     1.180737     134048329.303781
11.216216     0.332857     1.177361     133844192.420259
11.231231     0.332589     1.173724     133609348.152750
11.246246     0.333180     1.170396     133408654.023902
11.261261     0.334221     1.168198     133335827.955714
11.276276     0.334914     1.167233     133403328.218914
11.291291     0.334681     1.167325     133591497.575100
11.306306     0.332777     1.168065     133853957.452524
11.321321     0.328658     1.168244     134052294.027620
11.336336     0.322969     1.166221     133997613.600512
11.351351     0.317690     1.161285     133607167.865098
11.366366     0.314725     1.154640     133018369.319012
11.381381     0.314219     1.148363     132470069.380685
11.396396     0.314984     1.143567     132090849.548421
11.411411     0.315872     1.140270     131883561.753841
11.426426     0.316175     1.137994     131793495.817114
11.441441     0.315670     1.136116     131748855.651761
11.456456     0.314486     1.134171     131695886.380210
11.471471     0.312872     1.131928     131607716.101409
11.486486     0.311047     1.129290     131472904.683861
11.501502     0.309270     1.126212     131285917.295017
11.516517     0.307879     1.122846     131064424.873374
11.531532     0.306995     1.119698     130867404.766537
11.546547     0.306128     1.117207     130746217.172758
11.561562     0.304570     1.115103     130669740.537514
11.576577     0.302186     1.112520     130536393.985890
11.591592     0.299826     1.108822     130271262.764547
11.606607     0.298616     1.104620     129945581.990999
11.621622     0.298444     1.101410     129735677.359241
11.636637     0.297706     1.099815     129715182.396605
11.651652     0.294988     1.098609     129740106.267425
11.666667     0.290582     1.095888     129585552.384990
11.681682     0.286199     1.090787     129148402.931780
11.696697     0.283442     1.084147     128527154.316262
11.711712     0.282488     1.077454     127897670.444496
11.726727     0.282583     1.071380     127339664.854986
11.741742     0.283267     1.065795     126838048.751460
11.756757     0.284647     1.060702     126393370.842524
11.771772     0.286575     1.056595     126064853.564936
11.786787     0.288323     1.053589     125866562.360824
11.801802     0.289469     1.051140     125733866.267317
11.816817     0.290208     1.048737     125606050.177709
11.831832     0.291047     1.046381     125483165.342739
11.846847     0.292083     1.044753     125446934.427619
11.861862     0.292349     1.044226     125542515.339777
11.876877     0.290958     1.043807     125650958.952123
11.891892     0.288468     1.042167     125612184.335833
11.906907     0.286246     1.039240     125417529.684279
11.921922     0.284729     1.036050     125190287.744905
11.936937     0.283250     1.033000     124978881.805603
11.951952     0.281593     1.029508     124713159.598036
11.966967     0.280440     1.025326     124362548.805369
11.981982     0.280414     1.021104     124005876.470106
11.996997     0.281266     1.017926     123774812.925967
12.012012     0.281758     1.016265     123727553.154767
12.027027     0.280735     1.015251     123758515.081021
12.042042     0.278312     1.013512     123700794.783615
12.057057     0.275466     1.010478     123484296.663668
12.072072     0.272907     1.006410     123140316.295245
12.087087     0.270880     1.001552     122698368.684377
12.102102     0.269758     0.996083     122179938.016713
12.117117     0.269857     0.990586     121656407.822162
12.132132     0.270924     0.985795     121217987.489839
12.147147     0.272280     0.981942     120893718.196916
12.162162     0.273476     0.978787     120654226.163964
12.177177     0.274376     0.976004     120459736.095439
12.192192     0.275100     0.973406     120287180.822583
12.207207     0.275684     0.971068     120146028.491982
12.222222     0.275994     0.968926     120028528.596110
12.237237     0.276071     0.966909     119925713.175673
12.252252     0.275741     0.965055     119842660.163928
12.267267     0.274838     0.962957     119728633.596675
12.282282     0.273766     0.960273     119541088.139540
12.297297     0.272901     0.957201     119304399.588321
12.312312     0.272208     0.953938     119042853.346530
12.327327     0.271712     0.950382     118743777.134013
12.342342     0.271722     0.946541     118407836.064465
12.357357     0.272560     0.942768     118079379.055322
12.372372     0.274246     0.939746     117843850.005769
12.387387     0.276124     0.938203     117793161.600499
12.402402     0.276886     0.938059     117917829.050836
12.417417     0.275797     0.938011     118054501.218475
12.432432     0.273558     0.936853     118051368.266513
12.447447     0.271161     0.934592     117908748.602893
12.462462     0.268821     0.931562     117668239.059337
12.477477     0.266703     0.927634     117313274.973829
12.492492     0.265407     0.922939     116859986.208264
12.507508     0.265165     0.918221     116402260.023038
12.522523     0.265393     0.913892     115992629.512839
12.537538     0.265863     0.909401     115560985.694551
12.552553     0.267523     0.904705     115101858.412684
12.567568     0.270682     0.901334     114810175.302846
12.582583     0.273621     0.900280     114812972.522536
12.597598     0.274780     0.900308     114953534.469091
12.612613     0.274581     0.899906     115039129.124109
12.627628     0.273927     0.898954     115054312.597998
12.642643     0.272916     0.897712     115031963.136932
12.657658     0.271520     0.895952     114942712.489998
12.672673     0.270108     0.893428     114754866.491547
12.687688     0.269281     0.890251     114482367.946492
12.702703     0.269426     0.887176     114221951.048632
12.717718     0.269965     0.885013     114078178.706580
12.732733     0.269953     0.883586     114028668.470137
12.747748     0.269171     0.882158     113978666.219940
12.762763     0.267894     0.880336     113877146.533451
12.777778     0.266355     0.877911     113697112.810703
12.792793     0.264986     0.874652     113408147.624650
12.807808     0.264571     0.870818     113043491.323637
12.822823     0.265326     0.867499     112744744.569981
12.837838     0.266279     0.865430     112607504.479624
12.852853     0.266413     0.864054     112559933.654811
12.867868     0.265855     0.862372     112472043.685898
12.882883     0.265486     0.860227     112323184.509376
12.897898     0.265708     0.858515     112230370.872306
12.912913     0.265542     0.858029     112297425.225571
12.927928     0.263705     0.857998     112423976.741223
12.942943     0.260253     0.856895     112409808.817496
12.957958     0.256385     0.853875     112143625.178995
12.972973     0.253386     0.849340     111677222.915891
12.987988     0.251568     0.844244     111135607.424537
13.003003     0.250714     0.839031     110577159.913811
13.018018     0.250759     0.833971     110037147.508284
13.033033     0.251463     0.829353     109554056.432755
13.048048     0.252598     0.825136     109122632.325870
13.063063     0.254289     0.821435     108758094.924605
13.078078     0.256241     0.818752     108527519.765713
13.093093     0.257636     0.816955     108413626.667289
13.108108     0.258327     0.815221     108307626.665649
13.123123     0.258976     0.813251     108169635.467807
13.138138     0.259975     0.811628     108077224.633218
13.153153     0.260779     0.810986     108115195.903308
13.168168     0.260430     0.811026     108243901.891414
13.183183     0.258727     0.810766     108332580.079581
13.198198     0.256185     0.809581     108297485.417625
13.213213     0.253403     0.807343     108121029.996330
13.228228     0.250831     0.804241     107827982.915894
13.243243     0.248631     0.800607     107462605.809687
13.258258     0.246656     0.796616     107048097.990182
13.273273     0.244842     0.792001     106548539.890628
13.288288     0.243796     0.786557     105935790.612306
13.303303     0.244158     0.781025     105309608.617321
13.318318     0.245502     0.776441     104809740.829214
13.333333     0.246726     0.772967     104458404.242623
13.348348     0.247135     0.769766     104142989.011019
13.363363     0.247140     0.765819     103725461.938497
13.378378     0.247845     0.761053     103195762.958128
13.393393     0.249787     0.756356     102673917.197555
13.408408     0.252599     0.752518     102267485.013406
13.423423     0.255656     0.749750     102005482.358949
13.438438     0.258497     0.747943     101873473.069417
13.453453     0.260743     0.746859     101839386.465393
13.468468     0.262195     0.745980     101833109.884207
13.483483     0.263168     0.744830     101789389.569239
13.498498     0.264138     0.743416     101709341.462591
13.513514     0.265349     0.742058     101636506.332400
13.528529     0.266694     0.741153     101625300.375216
13.543544     0.267785     0.740868     101699055.955161
13.558559     0.268210     0.741075     101840201.045616
13.573574     0.267664     0.741370     101993557.186734
13.588589     0.266191     0.741151     102076264.408670
13.603604     0.264283     0.739942     102022381.882472
13.618619     0.262777     0.737817     101841658.824559
13.633634     0.262005     0.735674     101657694.898669
13.648649     0.261207     0.734037     101543200.865822
13.663664     0.259812     0.732390     101426900.400619
13.678679     0.257969     0.730180     101231986.820788
13.693694     0.256057     0.727090     100914156.205153
13.708709     0.254741     0.723060     100464953.780263
13.723724     0.254616     0.718718     99971030.899176
13.738739     0.255486     0.714963     99557440.770517
13.753754     0.256555     0.712094     99266362.798973
13.768769     0.257275     0.709661     99035150.733862
13.783784     0.257801     0.707163     98794237.083605
13.798799     0.258469     0.704602     98543648.472830
13.813814     0.259366     0.702163     98309335.166841
13.828829     0.260466     0.699975     98109652.863628
13.843844     0.261732     0.698209     97968292.641597
13.858859     0.262874     0.697088     97917074.698167
13.873874     0.263396     0.696380     97923633.571383
13.888889     0.263346     0.695505     97906445.670293
13.903904     0.263198     0.694379     97853598.299443
13.918919     0.263022     0.693330     97811296.114135
13.933934     0.262574     0.692353     97778784.193349
13.948949     0.261917     0.691235     97726084.977989
13.963964     0.261259     0.690101     97670793.147040
13.978979     0.260412     0.689234     97652953.372201
13.993994     0.258961     0.688504     97654415.870711
14.009009     0.256783     0.687497     97616147.299249
14.024024     0.253994     0.685854     97487237.243350
14.039039     0.250859     0.683246     97220559.471058
14.054054     0.247889     0.679549     96797935.350116
14.069069     0.245440     0.675017     96255103.923682
14.084084     0.243589     0.669734     95603636.042908
14.099099     0.242772     0.663669     94838831.807656
14.114114     0.243572     0.657406     94043887.042100
14.129129     0.245848     0.651941     93361317.744042
14.144144     0.248816     0.647699     92852416.018315
14.159159     0.251944     0.644544     92498298.535345
14.174174     0.254890     0.642293     92272953.644898
14.189189     0.257523     0.640552     92120368.837890
14.204204     0.260172     0.639180     92020360.579412
14.219219     0.262970     0.638636     92039101.496411
14.234234     0.265345     0.639376     92243045.472446
14.249249     0.266376     0.641146     92596075.042136
14.264264     0.265632     0.643004     92962273.022898
14.279279     0.263421     0.644095     93218060.799539
14.294294     0.260273     0.643942     93293903.007610
14.309309     0.256924     0.642246     93145845.041851
14.324324     0.254300     0.639361     92824740.468605
14.339339     0.252585     0.636248     92469685.378197
14.354354     0.251155     0.633334     92142538.048249
14.369369     0.249613     0.630289     91795355.248991
14.384384     0.248152     0.626778     91379467.961240
14.399399     0.247039     0.622851     90901773.754688
14.414414     0.246401     0.618550     90368132.668078
14.429429     0.246575     0.614003     89797332.188063
14.444444     0.247705     0.609768     89270748.632027
14.459459     0.249444     0.606320     88858256.926305
14.474474     0.251266     0.603824     88584317.774335
14.489489     0.252584     0.602041     88414266.573926
14.504505     0.253298     0.600312     88251742.216476
14.519520     0.253883     0.598421     88064862.085568
14.534535     0.254425     0.596671     87898163.390827
14.549550     0.254644     0.594944     87734285.880461
14.564565     0.254787     0.592863     87517605.227130
14.579580     0.255363     0.590671     87283950.482263
14.594595     0.256275     0.588961     87120911.793838
14.609610     0.257010     0.587872     87049279.738991
14.624625     0.257295     0.587197     87038578.454159
14.639640     0.256937     0.586853     87077007.827765
14.654655     0.255512     0.586471     87109575.240100
14.669670     0.253131     0.585146     87001826.614430
14.684685     0.250769     0.582464     86691650.723846
14.699700     0.249207     0.579001     86264406.334471
14.714715     0.248387     0.575482     85827621.988682
14.729730     0.247933     0.572093     85409311.377308
14.744745     0.247753     0.568728     84993422.882365
14.759760     0.247990     0.565465     84591925.122815
14.774775     0.248630     0.562688     84262104.889378
14.789790     0.249138     0.560749     84057087.663984
14.804805     0.248722     0.559267     83919989.446261
14.819820     0.247351     0.557290     83708067.825242
14.834835     0.245656     0.554414     83360490.226297
14.849850     0.244039     0.550638     82876584.169297
14.864865     0.242973     0.545910     82247983.407685
14.879880     0.243110     0.540625     81534083.079031
14.894895     0.244591     0.535719     80875728.776958
14.909910     0.246681     0.531823     80368432.530758
14.924925     0.248748     0.528580     79958799.432339
14.939940     0.251026     0.525740     79609266.961360
14.954955     0.253505     0.523775     79391451.091914
14.969970     0.255480     0.522851     79330849.530405
14.984985     0.256401     0.522437     79347533.754213
15.000000     0.256220     0.521893     79344333.742077

