#   omega [eV]     refractive_index      extinction_coeff       alpha[1/m]
0.000000     3.187059     0.000000     0.000000
0.015015     3.187084     0.000166     25.202420
0.030030     3.187159     0.000331     100.828000
0.045045     3.187283     0.000497     226.931475
0.060060     3.187457     0.000663     403.604573
0.075075     3.187681     0.000829     630.975630
0.090090     3.187954     0.000996     909.210895
0.105105     3.188278     0.001163     1238.513719
0.120120     3.188652     0.001330     1619.126528
0.135135     3.189076     0.001498     2051.330429
0.150150     3.189550     0.001666     2535.446661
0.165165     3.190075     0.001835     3071.837168
0.180180     3.190651     0.002005     3660.905878
0.195195     3.191277     0.002175     4303.100249
0.210210     3.191955     0.002346     4998.911409
0.225225     3.192685     0.002518     5748.877077
0.240240     3.193466     0.002691     6553.582644
0.255255     3.194299     0.002866     7413.663716
0.270270     3.195184     0.003041     8329.806055
0.285285     3.196123     0.003217     9302.750365
0.300300     3.197114     0.003395     10333.293897
0.315315     3.198159     0.003574     11422.293394
0.330330     3.199258     0.003755     12570.666186
0.345345     3.200411     0.003937     13779.397543
0.360360     3.201618     0.004120     15049.540847
0.375375     3.202882     0.004306     16382.222371
0.390390     3.204201     0.004493     17778.647198
0.405405     3.205576     0.004682     19240.102598
0.420420     3.207009     0.004874     20767.964675
0.435435     3.208499     0.005067     22363.702926
0.450450     3.210047     0.005263     24028.888427
0.465465     3.211655     0.005461     25765.198397
0.480480     3.213322     0.005662     27574.429032
0.495495     3.215049     0.005866     29458.499643
0.510511     3.216839     0.006072     31419.466142
0.525526     3.218690     0.006282     33459.528915
0.540541     3.220605     0.006495     35581.048261
0.555556     3.222583     0.006711     37786.557033
0.570571     3.224627     0.006930     40078.776052
0.585586     3.226738     0.007154     42460.631353
0.600601     3.228915     0.007382     44935.274404
0.615616     3.231162     0.007614     47506.103647
0.630631     3.233478     0.007850     50176.792291
0.645646     3.235866     0.008092     52951.310995
0.660661     3.238327     0.008338     55833.967017
0.675676     3.240863     0.008590     58829.436835
0.690691     3.243474     0.008848     61942.811262
0.705706     3.246164     0.009113     65179.641349
0.720721     3.248933     0.009384     68545.999322
0.735736     3.251784     0.009662     72048.537849
0.750751     3.254719     0.009948     75694.574828
0.765766     3.257741     0.010242     79492.173168
0.780781     3.260852     0.010545     83450.251669
0.795796     3.264054     0.010858     87578.705541
0.810811     3.267350     0.011181     91888.553011
0.825826     3.270745     0.011516     96392.111356
0.840841     3.274241     0.011863     101103.201940
0.855856     3.277841     0.012224     106037.408536
0.870871     3.281551     0.012600     111212.376995
0.885886     3.285373     0.012991     116648.195546
0.900901     3.289315     0.013401     122367.849383
0.915916     3.293379     0.013831     128397.800723
0.930931     3.297574     0.014283     134768.699321
0.945946     3.301904     0.014760     141516.292831
0.960961     3.306378     0.015265     148682.576128
0.975976     3.311004     0.015802     156317.285161
0.990991     3.315790     0.016376     164479.839174
1.006006     3.320748     0.016991     173241.896229
1.021021     3.325889     0.017654     182690.789848
1.036036     3.331227     0.018373     192934.163705
1.051051     3.336777     0.019160     204106.389638
1.066066     3.342558     0.020026     216377.522119
1.081081     3.348590     0.020988     229966.093183
1.096096     3.354897     0.022068     245157.691667
1.111111     3.361508     0.023294     262332.521288
1.126126     3.368456     0.024708     282007.085695
1.141141     3.375777     0.026362     304898.527901
1.156156     3.383513     0.028334     332025.550074
1.171171     3.391704     0.030738     364867.972189
1.186186     3.400379     0.033738     405615.579482
1.201201     3.409524     0.037580     457530.026660
1.216216     3.419015     0.042618     525346.583804
1.231231     3.428460     0.049297     615180.483954
1.246246     3.436940     0.057942     731881.706552
1.261261     3.442955     0.068020     869532.205701
1.276276     3.445668     0.077226     998973.612794
1.291291     3.447213     0.083115     1087790.333845
1.306306     3.450870     0.086725     1148235.262413
1.321321     3.457094     0.090833     1216455.251253
1.336336     3.464872     0.097041     1314356.339351
1.351351     3.472634     0.106801     1462807.128520
1.366366     3.476782     0.120315     1666218.855651
1.381381     3.473893     0.133369     1867290.247318
1.396396     3.466712     0.139312     1971699.083898
1.411411     3.463290     0.138032     1974589.562779
1.426426     3.466441     0.136426     1972384.081293
1.441441     3.471942     0.138587     2024714.407853
1.456456     3.476066     0.142742     2107141.220271
1.471471     3.479229     0.146474     2184517.350403
1.486486     3.482449     0.149616     2254145.276915
1.501502     3.486216     0.152124     2315085.453397
1.516517     3.491241     0.154436     2373770.570282
1.531532     3.497837     0.157385     2443054.614572
1.546547     3.506022     0.162352     2544864.124364
1.561562     3.514118     0.171303     2711245.207836
1.576577     3.518039     0.183878     2938247.776756
1.591592     3.515480     0.195268     3149971.467971
1.606607     3.509779     0.200472     3264431.875881
1.621622     3.507388     0.199963     3286571.052910
1.636637     3.510528     0.200139     3319912.626730
1.651652     3.513735     0.204992     3431622.705231
1.666667     3.511890     0.210378     3553796.967426
1.681682     3.507113     0.210746     3592093.935830
1.696697     3.503744     0.205115     3527329.122783
1.711712     3.505795     0.194449     3373493.083505
1.726727     3.516528     0.183381     3209378.067294
1.741742     3.533876     0.177514     3133724.427247
1.756757     3.553544     0.178076     3170740.381828
1.771772     3.573832     0.184368     3310838.492603
1.786787     3.593333     0.197735     3580966.738359
1.801802     3.607360     0.218726     3994388.487515
1.816817     3.610930     0.242873     4472337.894763
1.831832     3.604403     0.262628     4876073.400884
1.846847     3.593460     0.274154     5131791.107477
1.861862     3.582275     0.278621     5257814.670317
1.876877     3.572755     0.276969     5268794.334238
1.891892     3.566585     0.270682     5190378.617995
1.906907     3.564302     0.260145     5027917.741210
1.921922     3.569590     0.245969     4791371.135697
1.936937     3.584885     0.234527     4604183.100169
1.951952     3.605297     0.232061     4591079.969253
1.966967     3.623287     0.238302     4750813.308279
1.981982     3.634604     0.248053     4982963.647997
1.996997     3.639886     0.255015     5161621.061179
2.012012     3.644628     0.255253     5205291.766425
2.027027     3.655703     0.251273     5162359.876695
2.042042     3.674830     0.250158     5177530.590549
2.057057     3.697902     0.257341     5365369.685610
2.072072     3.718753     0.273852     5751267.160595
2.087087     3.732077     0.296903     6280554.794696
2.102102     3.735297     0.321062     6840480.294438
2.117117     3.729490     0.340665     7309964.954540
2.132132     3.718563     0.351744     7601247.609948
2.147147     3.707565     0.353365     7690047.883063
2.162162     3.700714     0.346930     7602804.868455
2.177177     3.701191     0.335321     7399425.193838
2.192192     3.710587     0.323027     7177287.293355
2.207207     3.726877     0.315216     7051728.086222
2.222222     3.744315     0.313204     7054381.895472
2.237237     3.759754     0.312388     7083542.916534
2.252252     3.776778     0.308694     7046744.268131
2.267267     3.801079     0.304390     6994813.826537
2.282282     3.833565     0.306703     7094652.956981
2.297297     3.868379     0.320891     7471690.360292
2.312312     3.898458     0.346089     8111063.084840
2.327327     3.919806     0.378961     8939133.713664
2.342342     3.928667     0.415855     9872690.284806
2.357357     3.922330     0.449132     10731075.377351
2.372372     3.904422     0.468939     11275685.570404
2.387387     3.885863     0.469519     11361085.810714
2.402402     3.879468     0.454941     11077571.761789
2.417417     3.890646     0.437398     10716967.899882
2.432432     3.913597     0.427195     10532002.472946
2.447447     3.939594     0.424214     10523056.861048
2.462462     3.967702     0.423333     10565623.221575
2.477477     4.002164     0.424856     10668297.109180
2.492492     4.043816     0.434311     10971815.859303
2.507508     4.088257     0.456584     11603971.267258
2.522523     4.128257     0.493041     12605552.859779
2.537538     4.155693     0.540172     13892753.292965
2.552553     4.165512     0.588177     15216895.946465
2.567568     4.161768     0.624877     16261471.892940
2.582583     4.156509     0.644794     16877899.583457
2.597598     4.162010     0.652204     17171134.148874
2.612613     4.184003     0.659225     17456311.811133
2.627628     4.216233     0.676911     18027630.798758
2.642643     4.249765     0.704868     18879470.454969
2.657658     4.284164     0.740060     19934703.076124
2.672673     4.319095     0.785495     21278089.423641
2.687688     4.349487     0.842188     22941999.250609
2.702703     4.372414     0.907888     24869897.159201
2.717718     4.385879     0.981929     27047540.572515
2.732733     4.385736     1.062742     29435317.811718
2.747748     4.368415     1.145121     31891253.172917
2.762763     4.334162     1.222875     34242796.230348
2.777778     4.283963     1.291217     36352997.790969
2.792793     4.220141     1.342296     37995359.124397
2.807808     4.153709     1.368761     38952775.168582
2.822823     4.100625     1.375271     39347352.293471
2.837838     4.066917     1.378228     39641687.774649
2.852853     4.043293     1.390865     40216824.651592
2.867868     4.016056     1.413289     41080314.865566
2.882883     3.977333     1.436401     41970698.359098
2.897898     3.929056     1.447933     42528018.779196
2.912913     3.882920     1.441775     42566548.973807
2.927928     3.851137     1.423319     42238260.411060
2.942943     3.837299     1.405225     41915183.887432
2.957958     3.834777     1.396119     41856022.625545
2.972973     3.838543     1.397247     42102484.818915
2.987988     3.844830     1.413472     42806475.762165
3.003003     3.840768     1.447025     44042847.428035
3.018018     3.813891     1.486253     45462987.741950
3.033033     3.765676     1.512544     46497399.212391
3.048048     3.711469     1.516528     46850653.643473
3.063063     3.663038     1.503487     46676604.933675
3.078078     3.623131     1.477474     46093849.023769
3.093093     3.598230     1.440278     45152623.401810
3.108108     3.594637     1.402166     44171192.115190
3.123123     3.607943     1.375777     43549260.898956
3.138138     3.627923     1.365942     43445789.633321
3.153153     3.646054     1.371763     43839707.028576
3.168168     3.655430     1.389437     44615997.576027
3.183183     3.652139     1.412184     45561345.039525
3.198198     3.636552     1.432998     46450946.521432
3.213213     3.611881     1.446907     47121995.719535
3.228228     3.582112     1.451050     47477754.684959
3.243243     3.552087     1.443919     47464178.782015
3.258258     3.527176     1.426449     47106996.237802
3.273273     3.512008     1.402460     46528211.659584
3.288288     3.507940     1.378405     45939906.830009
3.303303     3.511184     1.359697     45523339.767633
3.318318     3.516166     1.345945     45267748.464376
3.333333     3.522333     1.333868     45064545.880363
3.348348     3.531186     1.323733     44923614.055778
3.363363     3.542387     1.316341     44873057.653077
3.378378     3.556691     1.312334     44936169.420450
3.393393     3.573951     1.315462     45243479.552963
3.408408     3.588915     1.329419     45925827.765011
3.423423     3.592930     1.352293     46921828.367348
3.438438     3.580792     1.374349     47896274.582498
3.453453     3.557111     1.385361     48490866.525907
3.468468     3.529791     1.382431     48598717.365482
3.483483     3.504742     1.365070     48196127.872171
3.498498     3.489481     1.334644     47324999.253043
3.513514     3.490628     1.297782     46215434.175095
3.528529     3.509537     1.265165     45246424.953353
3.543544     3.538848     1.246198     44757773.063428
3.558559     3.567098     1.240829     44753768.883902
3.573574     3.589046     1.241433     44964462.385474
3.588589     3.607166     1.242033     45175208.763141
3.603604     3.625817     1.241994     45362805.252182
3.618619     3.647249     1.244811     45655157.189964
3.633634     3.668059     1.254690     46208419.297652
3.648649     3.682134     1.269935     46963144.252508
3.663664     3.687216     1.285216     47723835.009477
3.678679     3.683706     1.295239     48293107.043661
3.693694     3.675026     1.293804     48436506.234124
3.708709     3.670679     1.277551     48022467.432157
3.723724     3.680881     1.253243     47299453.466226
3.738739     3.705289     1.232749     46713600.823656
3.753754     3.736181     1.220756     46444899.937329
3.768769     3.767961     1.215356     46424406.114636
3.783784     3.799259     1.212591     46503361.157893
3.798799     3.832745     1.210727     46616127.715964
3.813814     3.870210     1.212374     46864020.631025
3.828829     3.909078     1.220837     47376964.456657
3.843844     3.943784     1.235096     48118264.385617
3.858859     3.971821     1.248279     48821838.978891
3.873874     3.998993     1.253703     49224754.472873
3.888889     4.033937     1.253159     49394102.272331
3.903904     4.080199     1.252425     49555787.275819
3.918919     4.138861     1.257645     49953739.384337
3.933934     4.206664     1.275767     50867697.104172
3.948949     4.276676     1.308949     52389928.479785
3.963964     4.345230     1.355092     54443002.123956
3.978979     4.411298     1.415086     57068699.916101
3.993994     4.468836     1.490597     60340830.688307
4.009009     4.511478     1.576160     64044348.552625
4.024024     4.539701     1.665759     67938537.387773
4.039039     4.553203     1.757981     71967373.671961
4.054054     4.548355     1.847102     75896875.772829
4.069069     4.529106     1.922412     79283906.736668
4.084084     4.507854     1.980790     81992954.532023
4.099099     4.492775     2.029729     84327657.862141
4.114114     4.482142     2.076591     86590610.433225
4.129129     4.472271     2.120898     88760926.525022
4.144144     4.466238     2.160457     90745265.034771
4.159159     4.468206     2.200254     92751692.635768
4.174174     4.474607     2.247069     95067168.445865
4.189189     4.478293     2.300834     97691942.439108
4.204204     4.476275     2.356458     100412310.522000
4.219219     4.470817     2.409677     103046782.773933
4.234234     4.465474     2.460648     105600967.118969
4.249249     4.460566     2.510847     108137416.244548
4.264264     4.455895     2.559162     110607734.182677
4.279279     4.453973     2.603038     112900209.189469
4.294294     4.462848     2.642089     114996001.405515
4.309309     4.491630     2.686832     117352309.480778
4.324324     4.536522     2.754691     120735394.325672
4.339339     4.581661     2.854135     125528300.610333
4.354354     4.613680     2.981449     131581469.813148
4.369369     4.625786     3.132366     138718641.220835
4.384384     4.610191     3.303259     146789436.964972
4.399399     4.558853     3.488285     155542424.006405
4.414414     4.461665     3.678223     164571508.277172
4.429429     4.310013     3.853285     172990559.972426
4.444444     4.110311     3.984048     179467387.069048
4.459459     3.892517     4.049080     183013069.810557
4.474474     3.695390     4.055924     183939646.116784
4.489489     3.536739     4.037501     183718590.433030
4.504505     3.401315     4.022365     183642019.647017
4.519520     3.261356     4.007501     183573283.404901
4.534535     3.115228     3.964613     182212042.325033
4.549550     2.994721     3.884774     179133864.522431
4.564565     2.922565     3.795043     175573740.948971
4.579580     2.891243     3.728197     173048541.748673
4.594595     2.874130     3.701797     172386535.695986
4.609610     2.840427     3.711589     173407373.219390
4.624625     2.768989     3.735204     175079094.807088
4.639640     2.657153     3.739046     175828199.510039
4.654655     2.530203     3.694462     174293922.176784
4.669670     2.427450     3.603216     170537517.356553
4.684685     2.369854     3.493558     165879186.855481
4.699700     2.352915     3.392750     161608993.881267
4.714715     2.362068     3.314496     158385892.751322
4.729730     2.382998     3.262719     156408209.773559
4.744745     2.404292     3.235516     155596534.952501
4.759760     2.417974     3.229536     155800453.851673
4.774775     2.414433     3.240298     156812768.426397
4.789790     2.384590     3.254297     157985493.423372
4.804805     2.332586     3.251175     158328708.940883
4.819820     2.278510     3.220056     157303279.840366
4.834835     2.242710     3.169987     155339768.340595
4.849850     2.229643     3.119679     153349266.730885
4.864865     2.230141     3.081114     151922480.540001
4.879880     2.233148     3.054579     151078948.045651
4.894895     2.234825     3.034025     150524109.952579
4.909910     2.238466     3.017324     150154711.945826
4.924925     2.244425     3.009200     150208409.530573
4.939940     2.246246     3.011721     150792576.679091
4.954955     2.238744     3.020875     151710630.228255
4.969970     2.220318     3.031952     152728325.774329
4.984985     2.190181     3.040663     153629860.125526
5.000000     2.148006     3.040565     154087628.272887
5.015015     2.099594     3.022375     153625802.797621
5.030030     2.059341     2.984188     152138880.800660
5.045045     2.037267     2.936393     150149116.242507
5.060060     2.032768     2.889775     148205137.997784
5.075075     2.042384     2.850401     146619596.709336
5.090090     2.061897     2.822785     145628627.554086
5.105105     2.086043     2.809496     145370625.235444
5.120120     2.108880     2.811382     145896047.499533
5.135135     2.124721     2.826219     147096121.942237
5.150150     2.130107     2.850872     148813093.290170
5.165165     2.121615     2.881766     150864266.853381
5.180180     2.097348     2.913572     152972783.191441
5.195195     2.057085     2.941557     154889719.344495
5.210210     1.999846     2.960056     156314312.940767
5.225225     1.927389     2.958940     156705650.361664
5.240240     1.851158     2.928030     155514291.493926
5.255255     1.789280     2.868332     152780108.804671
5.270270     1.753736     2.792675     149175281.416854
5.285285     1.745738     2.716006     145493177.032040
5.300300     1.759217     2.649130     142313865.682268
5.315315     1.785182     2.596320     139871977.176343
5.330330     1.817454     2.555924     138084700.874364
5.345345     1.854760     2.526883     136900290.547152
5.360360     1.894890     2.511272     136436730.625094
5.375375     1.932862     2.509586     136727042.957764
5.390390     1.964541     2.519403     137645321.424370
5.405405     1.987739     2.538119     139054092.444804
5.420420     2.000058     2.563555     140837770.100563
5.435435     1.998733     2.592111     142801070.871298
5.450450     1.981985     2.618196     144636543.680407
5.465465     1.950779     2.634408     145933075.128078
5.480480     1.910225     2.633729     146296283.149023
5.495495     1.868893     2.611571     145462918.312394
5.510511     1.838612     2.567770     143413978.467277
5.525526     1.830827     2.510479     140596263.343006
5.540541     1.848908     2.453458     137776249.804424
5.555556     1.888189     2.407770     135576999.331662
5.570571     1.940876     2.379864     134367864.171581
5.585586     1.997616     2.370970     134226492.882987
5.600601     2.052843     2.376667     134910722.256777
5.615616     2.107090     2.394536     136289466.153505
5.630631     2.159140     2.427415     138530270.295248
5.645646     2.202185     2.476161     141688964.172597
5.660661     2.230474     2.534725     145425832.503281
5.675676     2.245797     2.596519     149366285.406755
5.690691     2.251108     2.661882     153531410.014894
5.705706     2.243510     2.731969     157989677.034511
5.720721     2.218911     2.803407     162547572.626775
5.735736     2.175066     2.870041     166847931.873958
5.750751     2.113254     2.923051     170374472.555395
5.765766     2.041536     2.955032     172688205.697479
5.780781     1.970449     2.965770     173767081.059454
5.795796     1.907164     2.959551     173853124.073726
5.810811     1.856492     2.942120     173276877.684617
5.825826     1.819848     2.921224     172490756.929752
5.840841     1.794150     2.903077     171861054.062983
5.855856     1.774853     2.890746     171571000.517292
5.870871     1.756882     2.884832     171658981.852224
5.885886     1.736272     2.882496     171958642.034060
5.900901     1.712597     2.880294     172265619.223491
5.915916     1.686212     2.875948     172443400.199277
5.930931     1.659369     2.866122     172290385.334875
5.945946     1.638432     2.851514     171846232.440588
5.960961     1.625359     2.839910     171579117.335431
5.975976     1.613269     2.836161     171784242.402268
5.990991     1.595613     2.836484     172235423.441713
6.006006     1.572217     2.835062     172580538.969105
6.021021     1.545711     2.829014     172642939.891042
6.036036     1.518637     2.816783     172325175.034034
6.051051     1.495395     2.797526     171572790.145832
6.066066     1.481107     2.775174     170624306.046268
6.081081     1.475498     2.757210     169939406.771789
6.096096     1.472018     2.747802     169777727.280568
6.111111     1.463960     2.743652     169938842.487323
6.126126     1.451130     2.738252     170021123.488482
6.141141     1.438188     2.728996     169861719.164083
6.156156     1.428941     2.718320     169610907.952905
6.171171     1.423105     2.710158     169514036.936858
6.186186     1.417854     2.705936     169661808.481776
6.201201     1.411490     2.704841     170004791.439025
6.216216     1.403439     2.707048     170555423.295627
6.231231     1.390659     2.712901     171337085.993652
6.246246     1.369787     2.718182     172084254.843019
6.261261     1.342877     2.716946     172419463.419963
6.276276     1.315373     2.707226     172214672.595654
6.291291     1.291756     2.690856     171582840.162431
6.306306     1.273963     2.671560     170758963.973485
6.321321     1.260824     2.652212     169925923.226174
6.336336     1.251225     2.633066     169099981.646292
6.351351     1.245756     2.614640     168314538.116754
6.366366     1.244551     2.598877     167695315.278191
6.381381     1.246123     2.588002     167387448.073826
6.396396     1.247339     2.582818     167445228.561789
6.411411     1.245455     2.581690     167764980.916703
6.426426     1.239724     2.581998     168177930.767109
6.441441     1.231196     2.582066     168575319.521578
6.456456     1.220574     2.581854     168954371.135590
6.471471     1.207621     2.580869     169282680.874381
6.486486     1.192687     2.578128     169495267.761035
6.501502     1.176715     2.572809     169537121.108907
6.516517     1.161308     2.565022     169414350.711902
6.531532     1.146984     2.556151     169217435.702401
6.546547     1.132797     2.546651     168976062.498452
6.561562     1.118276     2.535383     168614255.869214
6.576577     1.105036     2.520752     168024858.497527
6.591592     1.096829     2.503919     167283867.961213
6.606607     1.094472     2.490631     166775188.587076
6.621622     1.091608     2.484403     166736235.141776
6.636637     1.082667     2.479981     166816874.549617
6.651652     1.070681     2.471101     166595612.894302
6.666667     1.061421     2.458359     166110679.721376
6.681682     1.056249     2.446415     165675970.500247
6.696697     1.051712     2.437758     165460632.091031
6.711712     1.044941     2.429964     165301421.318978
6.726727     1.037518     2.419995     164991568.475058
6.741742     1.032946     2.408571     164579250.276048
6.756757     1.031616     2.399806     164345528.192586
6.771772     1.029302     2.395419     164409654.048934
6.786787     1.023127     2.391873     164530270.100445
6.801802     1.015546     2.385608     164462393.576511
6.816817     1.010518     2.378147     164309966.945153
6.831832     1.007367     2.373839     164373584.792850
6.846847     1.001717     2.373239     164693199.194207
6.861862     0.991522     2.373160     165048857.520019
6.876877     0.977456     2.370780     165244115.612367
6.891892     0.961639     2.364339     165154985.828266
6.906907     0.946501     2.354434     164821397.807227
6.921922     0.932135     2.342435     164337901.399949
6.936937     0.918066     2.327684     163657248.966118
6.951952     0.905580     2.308955     162691862.861043
6.966967     0.897256     2.286034     161424700.290482
6.981982     0.896566     2.260831     159989089.111946
6.996997     0.905177     2.238814     158771779.152357
7.012012     0.919289     2.225637     158175996.230566
7.027027     0.932342     2.221499     158219930.721401
7.042042     0.941749     2.222481     158628158.745301
7.057057     0.948584     2.227318     159312314.354464
7.072072     0.951339     2.237446     160377233.982056
7.087087     0.945626     2.251158     161702665.778084
7.102102     0.929718     2.262533     162864077.002877
7.117117     0.906957     2.266053     163462312.377358
7.132132     0.883107     2.260188     163383218.304387
7.147147     0.862606     2.247237     162789000.294566
7.162162     0.846813     2.230578     161921703.297797
7.177177     0.835296     2.212342     160934640.138396
7.192192     0.827659     2.193636     159907688.945780
7.207207     0.823512     2.175753     158935205.493186
7.222222     0.821270     2.159571     158081801.810773
7.237237     0.819634     2.143841     157256581.051241
7.252252     0.819719     2.127126     156354214.914598
7.267267     0.823616     2.109931     155411446.436724
7.282282     0.832762     2.094508     154594184.852571
7.297297     0.846928     2.084334     154160432.715692
7.312312     0.863277     2.082693     154356024.185657
7.327327     0.876969     2.090926     155284350.567817
7.342342     0.882097     2.107196     156813359.094072
7.357357     0.874697     2.125095     158468811.230068
7.372372     0.856688     2.136999     159681716.643011
7.387387     0.834097     2.139243     160174941.881488
7.402402     0.812601     2.132831     160019417.642329
7.417417     0.795083     2.121181     159468180.190949
7.432432     0.781331     2.107500     158760353.041848
7.447447     0.769846     2.092563     157953605.063307
7.462462     0.760855     2.075884     157010514.901975
7.477477     0.755109     2.058314     155994875.855824
7.492492     0.752551     2.040624     154964738.853637
7.507508     0.753593     2.023738     153990365.787928
7.522523     0.757388     2.009400     153205168.367611
7.537538     0.762108     1.997327     152588613.820314
7.552553     0.768281     1.986464     152061026.964183
7.567568     0.776915     1.978161     151726483.877906
7.582583     0.786918     1.974433     151741025.248731
7.597598     0.795926     1.976055     152166461.841058
7.612613     0.801606     1.982444     152960077.404282
7.627628     0.801807     1.992286     154022718.927737
7.642643     0.794673     2.002606     155125252.267378
7.657658     0.780993     2.009325     155951558.524409
7.672673     0.763801     2.010259     156329920.599535
7.687688     0.745895     2.005272     156247332.203722
7.702703     0.729539     1.994893     155742172.663481
7.717718     0.716887     1.980919     154952726.257530
7.732733     0.707806     1.966281     154106939.098806
7.747748     0.700154     1.951637     153256215.837687
7.762763     0.693465     1.935399     152275601.918108
7.777778     0.689417     1.916775     151101971.117571
7.792793     0.690093     1.896769     149813580.109631
7.807808     0.696715     1.878023     148618694.839824
7.822823     0.708513     1.863928     147786995.352897
7.837838     0.722461     1.857108     147528874.019992
7.852853     0.734012     1.857701     147858664.633710
7.867868     0.739690     1.862598     148531854.976001
7.882883     0.739118     1.867557     149211548.241996
7.897898     0.734640     1.869753     149671521.821284
7.912913     0.728953     1.869207     149912299.178210
7.927928     0.722898     1.867076     150025526.756384
7.942943     0.716381     1.863802     150046093.479641
7.957958     0.709337     1.859547     149986520.412535
7.972973     0.701225     1.854241     149840810.610967
7.987988     0.691642     1.846598     149504138.856570
8.003003     0.681973     1.834853     148832497.903626
8.018018     0.675154     1.819137     147834567.378773
8.033033     0.672693     1.802111     146725201.065178
8.048048     0.673243     1.785630     145655092.532161
8.063063     0.676130     1.769029     144570130.199585
8.078078     0.682693     1.752744     143505979.303919
8.093093     0.692793     1.738973     142643168.751714
8.108108     0.704602     1.728624     142057286.249006
8.123123     0.717114     1.721238     141712270.664099
8.138138     0.729835     1.717105     141633310.877316
8.153153     0.740931     1.715864     141792092.268495
8.168168     0.750209     1.714837     141968171.459496
8.183183     0.760821     1.713420     142111652.343796
8.198198     0.774110     1.715316     142529923.751020
8.213213     0.786510     1.723385     143462651.000140
8.228228     0.793775     1.735906     144769151.487931
8.243243     0.794758     1.749006     146127800.904638
8.258258     0.790877     1.759867     147303054.221695
8.273273     0.784053     1.767056     148173767.071490
8.288288     0.776912     1.769971     148687480.948892
8.303303     0.772193     1.770315     148985860.492153
8.318318     0.770066     1.771538     149358399.703816
8.333333     0.767476     1.775360     149950780.985511
8.348348     0.761909     1.779618     150581274.653762
8.363363     0.754346     1.781685     151027253.980567
8.378378     0.746883     1.781234     151260164.930069
8.393393     0.740850     1.779282     151365118.763943
8.408408     0.736412     1.777449     151479673.279931
8.423423     0.732403     1.776674     151684021.046545
8.438438     0.727675     1.776713     151957769.705344
8.453453     0.721387     1.776725     152229170.709194
8.468468     0.713511     1.774899     152342875.634937
8.483483     0.706240     1.769781     152172869.308131
8.498498     0.702574     1.762843     151844566.215826
8.513514     0.702878     1.757874     151684153.148431
8.528529     0.704011     1.757382     151909088.302570
8.543544     0.702234     1.760153     152416484.653939
8.558559     0.696613     1.762811     152914927.349202
8.573574     0.688942     1.763350     153230039.780381
8.588589     0.680682     1.761919     153373803.951439
8.603604     0.672250     1.758390     153334237.704972
8.618619     0.665252     1.752367     153075689.398701
8.633634     0.661609     1.745933     152779370.469500
8.648649     0.659936     1.742236     152720969.944641
8.663664     0.656745     1.741315     152905230.821219
8.678679     0.650503     1.740249     153076511.644427
8.693694     0.642959     1.736458     153007254.823406
8.708709     0.637012     1.730273     152725601.258953
8.723724     0.633681     1.724159     152448343.582773
8.738739     0.631438     1.720173     152357728.561566
8.753754     0.627639     1.717843     152412739.077291
8.768769     0.621866     1.714426     152370466.323078
8.783784     0.616497     1.708866     152136404.603298
8.798799     0.612914     1.702751     151851169.122738
8.813814     0.610606     1.697383     151630768.331182
8.828829     0.608823     1.693240     151518339.201792
8.843844     0.606636     1.690435     151524604.858358
8.858859     0.603186     1.688306     151590640.533360
8.873874     0.598479     1.685841     151625856.385736
8.888889     0.592922     1.682609     151591297.979375
8.903904     0.586740     1.678028     151433962.137001
8.918919     0.581219     1.671552     151103926.208088
8.933934     0.577730     1.664443     150714540.417760
8.948949     0.575680     1.658325     150412896.528685
8.963964     0.574015     1.653458     150223146.832744
8.978979     0.571984     1.649854     150146770.727219
8.993994     0.568675     1.646973     150135252.765336
9.009009     0.563877     1.643660     150083357.702983
9.024024     0.558309     1.639029     149909968.416756
9.039039     0.552902     1.633191     149624486.014421
9.054054     0.547716     1.626523     149261184.257509
9.069069     0.542869     1.618755     148794667.705226
9.084084     0.538852     1.609893     148225103.309687
9.099099     0.536059     1.599882     147546840.920506
9.114114     0.535703     1.588894     146775264.286813
9.129129     0.538785     1.578877     146090253.692707
9.144144     0.543958     1.572052     145697932.171042
9.159159     0.549031     1.568652     145621617.479812
9.174174     0.552722     1.568011     145800685.731485
9.189189     0.553912     1.569476     146175811.930317
9.204204     0.551482     1.571470     146600609.673281
9.219219     0.545780     1.571691     146860397.140910
9.234234     0.538547     1.568853     146833972.547540
9.249249     0.531493     1.562969     146521198.103331
9.264264     0.525849     1.554700     145982544.838021
9.279279     0.522218     1.545076     145314052.022236
9.294294     0.520534     1.534842     144585098.592292
9.309309     0.520926     1.524281     143822233.551791
9.324324     0.523814     1.514073     143089520.719257
9.339339     0.529186     1.505408     142499720.682600
9.354354     0.536168     1.499510     142169546.152778
9.369369     0.543144     1.496741     142134880.343534
9.384384     0.548942     1.496417     142331837.775997
9.399399     0.553031     1.497975     142707933.150189
9.414414     0.554498     1.500770     143202579.181144
9.429429     0.552720     1.503056     143649469.337317
9.444444     0.548690     1.502732     143847181.807028
9.459459     0.544707     1.498864     143705024.050134
9.474474     0.543395     1.492185     143291748.811265
9.489489     0.546454     1.485419     142868142.603437
9.504505     0.552935     1.481940     142759085.694008
9.519520     0.559805     1.483369     143122484.780460
9.534535     0.563806     1.488936     143886155.232244
9.549550     0.563008     1.495737     144771055.998951
9.564565     0.558456     1.500404     145451054.073887
9.579580     0.553207     1.502155     145849464.349104
9.594595     0.548760     1.502957     146155987.067971
9.609610     0.543808     1.504190     146504858.351769
9.624625     0.536924     1.504626     146776302.924992
9.639640     0.529068     1.502224     146770540.712007
9.654655     0.522827     1.496976     146485685.663527
9.669670     0.519434     1.491182     146145653.229787
9.684685     0.517586     1.486705     145933113.124661
9.699700     0.515679     1.483096     145804549.057644
9.714715     0.514031     1.479331     145659519.456800
9.729730     0.513513     1.476073     145563350.950097
9.744745     0.513349     1.474613     145643776.688533
9.759760     0.511730     1.474641     145871035.074417
9.774775     0.508291     1.474269     146058602.467708
9.789790     0.504513     1.472894     146146458.948596
9.804805     0.500572     1.471529     146234977.662045
9.819820     0.495518     1.469702     146277064.506472
9.834835     0.490000     1.466075     146139250.371345
9.849850     0.485766     1.460679     145823589.027137
9.864865     0.483935     1.455154     145493474.294788
9.879880     0.483677     1.451675     145366602.341422
9.894895     0.482451     1.450604     145480067.461794
9.909910     0.478939     1.449989     145639049.429113
9.924925     0.473816     1.448299     145689724.956707
9.939940     0.467977     1.445005     145578306.243288
9.954955     0.462335     1.439934     145286573.896582
9.969970     0.457818     1.433448     144850269.646688
9.984985     0.454917     1.426422     144357335.441937
10.000000     0.453378     1.419676     143890720.004974
10.015015     0.452803     1.413421     143471822.648082
10.030030     0.453169     1.407883     143123975.011774
10.045045     0.454104     1.403693     142911619.677165
10.060060     0.454404     1.400936     142844085.885361
10.075075     0.453353     1.398209     142778889.874861
10.090090     0.452283     1.394354     142597358.035189
10.105105     0.452691     1.390579     142422946.712779
10.120120     0.453555     1.388820     142454132.712563
10.135135     0.452431     1.388462     142628794.052038
10.150150     0.449296     1.386749     142663786.251218
10.165165     0.446868     1.382963     142484806.058127
10.180180     0.446423     1.379496     142337483.589548
10.195195     0.446117     1.377972     142389986.047385
10.210210     0.444211     1.377336     142533886.831939
10.225225     0.440808     1.376063     142611544.828800
10.240240     0.436849     1.373453     142550111.762125
10.255255     0.433322     1.369685     142367465.474014
10.270270     0.430613     1.365483     142138522.790650
10.285285     0.428470     1.361357     141916133.757342
10.300300     0.426558     1.357358     141705872.903518
10.315315     0.424713     1.353261     141484138.892088
10.330330     0.423297     1.348710     141213525.524316
10.345345     0.423100     1.344236     140949688.280229
10.360360     0.423705     1.341070     140821785.572797
10.375375     0.423858     1.339206     140829817.635082
10.390390     0.423224     1.337879     140893948.223378
10.405405     0.421971     1.336830     140986855.741307
10.420420     0.419964     1.336045     141107462.945436
10.435435     0.416912     1.335155     141216616.599015
10.450450     0.412919     1.333493     141243801.458526
10.465465     0.408643     1.330605     141140361.659892
10.480480     0.404931     1.326708     140928924.693799
10.495495     0.402078     1.322703     140704753.828190
10.510511     0.399280     1.319173     140530054.333829
10.525526     0.395782     1.315390     140327187.298071
10.540541     0.392117     1.310308     139984452.395001
10.555556     0.389647     1.303897     139497998.491357
10.570571     0.389220     1.297425     139002968.486559
10.585586     0.390320     1.292294     138649920.557571
10.600601     0.391718     1.289027     138495599.529742
10.615616     0.392253     1.287209     138496176.257367
10.630631     0.391484     1.285802     138540439.768034
10.645646     0.389827     1.283989     138540508.093134
10.660661     0.387959     1.281612     138479140.456375
10.675676     0.386295     1.279007     138392254.994508
10.690691     0.384785     1.276626     138328903.700384
10.705706     0.383048     1.274653     138309142.556627
10.720721     0.380671     1.272972     138320407.647771
10.735736     0.377222     1.271130     138313728.610905
10.750751     0.372738     1.268052     138171803.695678
10.765766     0.368548     1.262980     137811367.859047
10.780781     0.366106     1.256770     137324977.502269
10.795796     0.365521     1.250955     136879912.557018
10.810811     0.365869     1.246419     136573274.152986
10.825826     0.366218     1.243093     136398008.969295
10.840841     0.366063     1.240677     136321785.521591
10.855856     0.364901     1.238551     136276670.293775
10.870871     0.363183     1.235647     136145212.769279
10.885886     0.362275     1.232186     135951382.066876
10.900901     0.362228     1.229658     135859525.024074
10.915916     0.361656     1.228454     135913511.179335
10.930931     0.359962     1.227643     136010612.068413
10.945946     0.357461     1.226839     136108230.110033
10.960961     0.353995     1.226104     136213269.765516
10.975976     0.349122     1.224965     136273157.442246
10.990991     0.342878     1.222457     136180147.708249
11.006006     0.336035     1.217664     135831573.363348
11.021021     0.330022     1.210203     135183493.550266
11.036036     0.326507     1.200852     134321631.613126
11.051051     0.326156     1.191533     133460629.519802
11.066066     0.328072     1.183909     132786819.044805
11.081081     0.330906     1.178417     132350200.564753
11.096096     0.333842     1.174887     132132599.519130
11.111111     0.336291     1.173361     132139448.006384
11.126126     0.337103     1.173734     132360107.162010
11.141141     0.335082     1.174709     132648905.375898
11.156156     0.330467     1.174191     132769098.424723
11.171171     0.325069     1.171021     132588845.052984
11.186186     0.320746     1.165849     132180615.314622
11.201201     0.317934     1.160287     131726586.412878
11.216216     0.315661     1.155173     131321810.618594
11.231231     0.313194     1.149979     130906335.000175
11.246246     0.310866     1.144049     130405439.860238
11.261261     0.309482     1.137478     129829588.988259
11.276276     0.309354     1.131167     129281426.838701
11.291291     0.309808     1.125750     128833609.949209
11.306306     0.310302     1.120981     128458419.770158
11.321321     0.310839     1.116807     128150086.439596
11.336336     0.310982     1.113447     127933965.454592
11.351351     0.309951     1.110404     127753302.657211
11.366366     0.307724     1.106414     127462569.410965
11.381381     0.305557     1.100597     126960013.227117
11.396396     0.305006     1.093601     126319363.569382
11.411411     0.306314     1.087025     125725275.351688
11.426426     0.308517     1.081727     125277044.652838
11.441441     0.310782     1.077593     124962282.787204
11.456456     0.312747     1.074299     124743847.336256
11.471471     0.314269     1.071587     124591956.476201
11.486486     0.315283     1.069260     124484136.914766
11.501502     0.315765     1.067199     124406656.768258
11.516517     0.315526     1.065352     124353407.817578
11.531532     0.314230     1.063235     124268147.565690
11.546547     0.312252     1.059987     124049777.468419
11.561562     0.310626     1.055514     123687037.915490
11.576577     0.309873     1.050503     123259675.948693
11.591592     0.309871     1.045580     122841121.198013
11.606607     0.310117     1.040974     122458403.591310
11.621622     0.310357     1.036270     122062730.382459
11.636637     0.311038     1.031321     121636806.034687
11.651652     0.312241     1.026611     121237537.298003
11.666667     0.313498     1.022170     120868645.897202
11.681682     0.314854     1.017526     120474254.644484
11.696697     0.316827     1.012698     120056804.053463
11.711712     0.319593     1.008151     119671136.216654
11.726727     0.322931     1.004244     119360249.648926
11.741742     0.326541     1.000993     119126093.043295
11.756757     0.330455     0.998301     118957696.632687
11.771772     0.334732     0.996442     118887787.820879
11.786787     0.339065     0.995626     118942023.599922
11.801802     0.343295     0.995821     119116849.165793
11.816817     0.347365     0.997316     119447384.862620
11.831832     0.350645     1.000612     119994435.546879
11.846847     0.351782     1.005510     120734842.998033
11.861862     0.349916     1.010455     121482420.571238
11.876877     0.345816     1.013924     122053756.508751
11.891892     0.340517     1.015728     122425546.880618
11.906907     0.334256     1.015758     122583650.186715
11.921922     0.327714     1.013363     122448933.663343
11.936937     0.322287     1.008651     122032976.507319
11.951952     0.318895     1.002740     121470420.285066
11.966967     0.317440     0.996950     120920760.858758
11.981982     0.317070     0.991959     120466378.837755
11.996997     0.317113     0.987572     120083875.910529
12.012012     0.317556     0.983555     119745206.956270
12.027027     0.318331     0.980040     119466358.566150
12.042042     0.319267     0.976875     119229192.474185
12.057057     0.320689     0.973986     119024841.194890
12.072072     0.322827     0.971980     118927587.669687
12.087087     0.325177     0.971611     119030340.567988
12.102102     0.326691     0.973196     119372652.342766
12.117117     0.326028     0.976346     119907506.836471
12.132132     0.322111     0.979571     120452705.498756
12.147147     0.315230     0.980665     120736448.459774
12.162162     0.307294     0.978229     120585494.486452
12.177177     0.300404     0.972593     120038647.856393
12.192192     0.295762     0.964937     119240600.010135
12.207207     0.293882     0.956728     118371807.906496
12.222222     0.294281     0.949516     117624056.430287
12.237237     0.295661     0.943982     117082105.556252
12.252252     0.296927     0.939794     116705679.438318
12.267267     0.297684     0.936167     116397766.145756
12.282282     0.298332     0.932565     116091838.196224
12.297297     0.299333     0.929373     115835957.682669
12.312312     0.300135     0.927179     115703520.973221
12.327327     0.299850     0.925543     115640201.632258
12.342342     0.298385     0.923467     115521385.808353
12.357357     0.296400     0.920240     115257769.168391
12.372372     0.294849     0.915852     114847528.292641
12.387387     0.294388     0.910943     114370556.953820
12.402402     0.295042     0.906508     113951805.144474
12.417417     0.295822     0.903241     113678512.886857
12.432432     0.295602     0.900404     113458519.580986
12.447447     0.294685     0.896712     113129803.255324
12.462462     0.294262     0.891886     112656593.309409
12.477477     0.295213     0.886771     112145482.644313
12.492492     0.297246     0.882589     111750951.691253
12.507508     0.299265     0.879667     111514803.551070
12.522523     0.300490     0.877408     111361944.453618
12.537538     0.300945     0.874904     111177312.546652
12.552553     0.301357     0.871801     110915671.363786
12.567568     0.302191     0.868485     110625930.026799
12.582583     0.303393     0.865307     110352820.545821
12.597598     0.304870     0.862413     110114979.932939
12.612613     0.306475     0.860000     109937779.592551
12.627628     0.307835     0.858081     109823011.363410
12.642643     0.308760     0.856325     109728700.252563
12.657658     0.309359     0.854487     109623137.008940
12.672673     0.309795     0.852463     109493219.485217
12.687688     0.310200     0.850254     109338880.804543
12.702703     0.310722     0.847820     109154882.137052
12.717718     0.311704     0.845364     108967353.751450
12.732733     0.313031     0.843571     108864629.055019
12.747748     0.313767     0.842585     108865662.397176
12.762763     0.313378     0.841470     108849643.308869
12.777778     0.312452     0.839326     108699973.393099
12.792793     0.312020     0.836133     108413713.189914
12.807808     0.312703     0.832730     108099165.896614
12.822823     0.314059     0.830067     107879905.954869
12.837838     0.315127     0.828077     107747206.289235
12.852853     0.315750     0.825952     107596488.650314
12.867868     0.316577     0.823395     107388644.647333
12.882883     0.318041     0.820886     107186290.566353
12.897898     0.319932     0.818911     107053026.857534
12.912913     0.321947     0.817574     107002764.487583
12.927928     0.323873     0.816948     107045159.966705
12.942943     0.325382     0.817085     107187403.855668
12.957958     0.326008     0.817791     107404490.578754
12.972973     0.325503     0.818488     107620624.615697
12.987988     0.324092     0.818607     107760839.174174
13.003003     0.322224     0.817897     107791793.527213
13.018018     0.320268     0.816381     107716323.885202
13.033033     0.318486     0.814118     107541510.404266
13.048048     0.317161     0.811270     107288869.730958
13.063063     0.316404     0.808092     106991571.085863
13.078078     0.316312     0.804777     106675041.964223
13.093093     0.316919     0.801702     106389430.826649
13.108108     0.317891     0.799206     106179903.799688
13.123123     0.318767     0.797239     106039827.760222
13.138138     0.319313     0.795411     105917818.422390
13.153153     0.319787     0.793304     105757935.628580
13.168168     0.320732     0.791031     105575383.120139
13.183183     0.322251     0.789191     105449868.404765
13.198198     0.323867     0.788162     105432305.096238
13.213213     0.325017     0.787774     105500237.926920
13.228228     0.325573     0.787505     105584045.820439
13.243243     0.325844     0.787151     105656409.493830
13.258258     0.325872     0.786834     105733579.971159
13.273273     0.325567     0.786378     105792021.157142
13.288288     0.325177     0.785605     105807608.336115
13.303303     0.324976     0.784595     105791016.395377
13.318318     0.325218     0.783627     105779743.839820
13.333333     0.325806     0.783243     105847042.682356
13.348348     0.326183     0.783678     106025089.795106
13.363363     0.325889     0.784727     106286497.836518
13.378378     0.324643     0.786089     106590579.053804
13.393393     0.322235     0.787311     106876057.426081
13.408408     0.318748     0.787735     107053544.165812
13.423423     0.314825     0.786809     107047403.290185
13.438438     0.311389     0.784766     106888903.171688
13.453453     0.308587     0.782401     106685832.414385
13.468468     0.305959     0.779922     106466475.192840
13.483483     0.303425     0.777021     106188787.484157
13.498498     0.301365     0.773614     105840853.110555
13.513514     0.300085     0.770112     105478909.025521
13.528529     0.299350     0.767047     105175872.911315
13.543544     0.298620     0.764448     104935798.912738
13.558559     0.297683     0.761954     104709381.947364
13.573574     0.296754     0.759255     104454121.202328
13.588589     0.296256     0.756546     104196543.369300
13.603604     0.296028     0.754430     104019868.486677
13.618619     0.295302     0.752945     103929798.800810
13.633634     0.293703     0.751315     103819089.670987
13.648649     0.291816     0.748880     103596558.386630
13.663664     0.290371     0.745922     103300850.578698
13.678679     0.289368     0.743056     103017081.347784
13.693694     0.288328     0.740469     102771074.656983
13.708709     0.286932     0.737738     102504312.720952
13.723724     0.285597     0.734390     102150893.128592
13.738739     0.284968     0.730786     101760875.226534
13.753754     0.284842     0.727708     101442896.412301
13.768769     0.284361     0.725182     101201197.275686
13.783784     0.283225     0.722310     100910307.405042
13.798799     0.282355     0.718505     100488069.080123
13.813814     0.282567     0.714651     100057855.707664
13.828829     0.283083     0.711666     99748281.210847
13.843844     0.282997     0.708902     99468717.483668
13.858859     0.282796     0.705450     99091679.858370
13.873874     0.283467     0.701508     98644789.097356
13.888889     0.285243     0.698058     98265801.785753
13.903904     0.287471     0.695695     98039098.047051
13.918919     0.289534     0.694347     97954830.939227
13.933934     0.291078     0.693730     97973291.357583
13.948949     0.292062     0.693494     98045530.440692
13.963964     0.292632     0.693645     98172412.836217
13.978979     0.292437     0.694397     98384599.846750
13.993994     0.290822     0.695239     98609672.668758
14.009009     0.287959     0.695125     98699236.391271
14.024024     0.284789     0.693639     98593864.530199
14.039039     0.282025     0.691200     98352309.905680
14.054054     0.279692     0.688323     98047657.619000
14.069069     0.277625     0.685079     97689859.258937
14.084084     0.275899     0.681366     97264040.855089
14.099099     0.274864     0.677163     96767138.984763
14.114114     0.275011     0.672968     96270176.140825
14.129129     0.276119     0.669808     95919947.957565
14.144144     0.277013     0.668047     95769565.582030
14.159159     0.276828     0.666873     95702704.159554
14.174174     0.275802     0.665294     95577341.501183
14.189189     0.274730     0.663153     95370735.847148
14.204204     0.273863     0.660994     95160786.799979
14.219219     0.272765     0.659039     94979553.567030
14.234234     0.271168     0.656847     94763654.904686
14.249249     0.269438     0.654048     94459401.403270
14.264264     0.267968     0.650756     94082917.397528
14.279279     0.266944     0.647242     93673378.138621
14.294294     0.266269     0.643817     93275790.008122
14.309309     0.265744     0.640497     92892219.650467
14.324324     0.265372     0.637260     92519777.343552
14.339339     0.265110     0.634247     92178860.856870
14.354354     0.264634     0.631501     91875802.910941
14.369369     0.263747     0.628552     91542414.919772
14.384384     0.262984     0.625038     91125751.479977
14.399399     0.262897     0.621492     90703445.313460
14.414414     0.263035     0.618710     90391529.718052
14.429429     0.262338     0.616490     90161032.670612
14.444444     0.260559     0.613607     89832715.830667
14.459459     0.258824     0.609336     89300165.702145
14.474474     0.258074     0.604415     88670950.666527
14.489489     0.258012     0.599612     88057637.525778
14.504505     0.258234     0.594821     87444596.453151
14.519520     0.258941     0.589856     86804383.379997
14.534535     0.260358     0.585021     86181858.808207
14.549550     0.262278     0.580615     85621259.409401
14.564565     0.264533     0.576587     85114939.740591
14.579580     0.267241     0.573017     84675195.695967
14.594595     0.270285     0.570305     84361223.685911
14.609610     0.273085     0.568623     84198939.407756
14.624625     0.275175     0.567510     84120488.670578
14.639640     0.276794     0.566552     84064759.763410
14.654655     0.278073     0.566033     84073786.412537
14.669670     0.278394     0.566047     84162129.187826
14.684685     0.277229     0.565761     84205610.889199
14.699700     0.275119     0.564135     84049484.132196
14.714715     0.273115     0.561059     83676592.080759
14.729730     0.271732     0.556982     83153317.879886
14.744745     0.271216     0.552188     82521602.194700
14.759760     0.271895     0.547106     81845450.947423
14.774775     0.273714     0.542408     81225092.508470
14.789790     0.276267     0.538464     80716500.058223
14.804805     0.279210     0.535423     80342068.647258
14.819820     0.282129     0.533393     80118615.287789
14.834835     0.284532     0.532207     80021560.859105
14.849850     0.286159     0.531465     79990809.930591
14.864865     0.286949     0.530789     79969843.061764
14.879880     0.286947     0.529782     79898815.350417
14.894895     0.286377     0.528053     79718375.429207
14.909910     0.285692     0.525261     79376755.691023
14.924925     0.285677     0.521362     78867013.402062
14.939940     0.287107     0.517036     78291282.161293
14.954955     0.289935     0.513468     77829174.698134
14.969970     0.293176     0.511316     77580737.429092
14.984985     0.295866     0.510182     77486280.476370
15.000000     0.297902     0.509257     77423312.037268

