#   omega [eV]     refractive_index      extinction_coeff       alpha[1/m]
0.000000     3.487417     0.000000     0.000000
0.015015     3.487650     0.001635     248.883806
0.030030     3.488351     0.003293     1002.243780
0.045045     3.489528     0.004995     2280.674738
0.060060     3.491195     0.006768     4120.122242
0.075075     3.493372     0.008640     6574.524535
0.090090     3.496088     0.010645     9719.970691
0.105105     3.499375     0.012824     13660.940269
0.120120     3.503280     0.015228     18539.528255
0.135135     3.507858     0.017924     24549.099459
0.150150     3.513177     0.020997     31954.690514
0.165165     3.519320     0.024566     41123.943871
0.180180     3.526387     0.028789     52574.839005
0.195195     3.534496     0.033892     67050.749374
0.210210     3.543778     0.040196     85640.696233
0.225225     3.554362     0.048176     109975.052540
0.240240     3.566339     0.058542     142546.283541
0.255255     3.579652     0.072369     187227.118250
0.270270     3.593839     0.091282     250050.207872
0.285285     3.607428     0.117621     340102.081928
0.300300     3.616628     0.154189     469303.496722
0.315315     3.613250     0.202175     646125.630347
0.330330     3.584680     0.254577     852338.278014
0.345345     3.525581     0.288706     1010539.681205
0.360360     3.457928     0.281522     1028236.076876
0.375375     3.414769     0.241914     920387.066170
0.390390     3.403640     0.197309     780711.312664
0.405405     3.413187     0.163023     669855.911384
0.420420     3.432525     0.141476     602850.390913
0.435435     3.455814     0.130922     577805.109411
0.450450     3.480367     0.129619     591778.497667
0.465465     3.504647     0.136690     644863.845862
0.480480     3.527270     0.151828     739388.239313
0.495495     3.546906     0.175205     879890.571618
0.510511     3.561204     0.208480     1078729.905991
0.525526     3.562859     0.253084     1348037.138608
0.540541     3.539599     0.301530     1651970.325040
0.555556     3.488507     0.331014     1863879.802077
0.570571     3.433269     0.322481     1864904.719476
0.585586     3.403461     0.288444     1711964.478775
0.600601     3.402808     0.255899     1557748.558578
0.615616     3.417669     0.239451     1494066.792843
0.630631     3.433360     0.240870     1539578.176217
0.645646     3.438457     0.253737     1660436.405426
0.660661     3.429394     0.265300     1776472.641373
0.675676     3.413918     0.266142     1822614.363752
0.690691     3.400691     0.256506     1795664.679424
0.705706     3.395346     0.239050     1709844.926398
0.720721     3.402419     0.220459     1610417.611648
0.735736     3.419085     0.209278     1560589.782615
0.750751     3.437725     0.207798     1581176.546718
0.765766     3.453868     0.211932     1644884.280751
0.780781     3.469715     0.218449     1728713.234261
0.795796     3.487336     0.230911     1862469.835867
0.810811     3.501496     0.253510     2083330.747935
0.825826     3.503892     0.282938     2368228.903223
0.840841     3.492276     0.309557     2638141.510028
0.855856     3.471885     0.326195     2829578.485175
0.870871     3.450324     0.330101     2913699.237402
0.885886     3.436912     0.325308     2920895.174933
0.900901     3.431881     0.323470     2953616.515090
0.915916     3.424139     0.327668     3041813.928738
0.930931     3.408908     0.328076     3095530.858151
0.945946     3.393884     0.318822     3056736.560704
0.960961     3.384463     0.303668     2957656.559476
0.975976     3.381033     0.284709     2816330.030612
0.990991     3.386506     0.263380     2645425.447661
1.006006     3.402302     0.245732     2505564.871421
1.021021     3.423439     0.236703     2449520.742450
1.036036     3.444443     0.234586     2463320.912347
1.051051     3.465643     0.236220     2516423.731777
1.066066     3.488464     0.243503     2631072.556600
1.081081     3.509556     0.258740     2835084.650911
1.096096     3.525358     0.279924     3109793.280211
1.111111     3.535391     0.305348     3438715.071709
1.126126     3.536847     0.334893     3822403.869569
1.141141     3.525850     0.363163     4200340.248809
1.156156     3.505214     0.382903     4486923.942944
1.171171     3.480584     0.391564     4648004.483418
1.186186     3.456959     0.389489     4682651.605072
1.201201     3.436918     0.378688     4610419.670430
1.216216     3.423199     0.358264     4416292.253545
1.231231     3.423925     0.331568     4137665.389881
1.246246     3.440950     0.311059     3929069.808998
1.261261     3.464468     0.305590     3906497.675968
1.276276     3.482360     0.313217     4051661.842221
1.291291     3.488665     0.324665     4249163.850290
1.306306     3.485329     0.330192     4371749.059320
1.321321     3.480583     0.323672     4334684.994889
1.336336     3.485347     0.307716     4167818.045220
1.351351     3.503820     0.292225     4002484.869357
1.366366     3.532094     0.285069     3947850.981584
1.381381     3.564860     0.288652     4041403.109965
1.396396     3.598734     0.304474     4309255.181793
1.411411     3.627909     0.334869     4790409.734180
1.426426     3.643157     0.377596     5459090.345244
1.441441     3.637501     0.423361     6185162.356454
1.456456     3.611281     0.458881     6773940.147272
1.471471     3.574575     0.473408     7060422.908364
1.486486     3.541845     0.466547     7029107.283358
1.501502     3.522145     0.446482     6794751.512275
1.516517     3.517247     0.422148     6488667.235863
1.531532     3.525656     0.400814     6221740.741204
1.546547     3.541423     0.388758     6093760.455970
1.561562     3.554888     0.384511     6085718.385304
1.576577     3.563865     0.378754     6052242.409233
1.591592     3.576004     0.366818     5917328.320801
1.606607     3.598506     0.353675     5759145.189598
1.621622     3.630675     0.348099     5721316.465835
1.636637     3.665376     0.353547     5864661.318432
1.651652     3.698732     0.366804     6140391.780794
1.666667     3.732359     0.388008     6554397.987976
1.681682     3.762664     0.422445     7200412.571239
1.696697     3.778980     0.469704     8077411.636031
1.711712     3.772300     0.519792     9017873.115813
1.726727     3.742255     0.555966     9730052.417082
1.741742     3.703727     0.563669     9950649.970747
1.756757     3.678617     0.546469     9730167.714215
1.771772     3.675891     0.521794     9370236.993382
1.786787     3.689186     0.504036     9128050.543218
1.801802     3.706613     0.495319     9045565.906280
1.816817     3.724025     0.488426     8994014.260646
1.831832     3.746385     0.480176     8915176.566349
1.846847     3.777468     0.474509     8882160.079067
1.861862     3.816532     0.476697     8995669.330639
1.876877     3.860165     0.490772     9335959.350966
1.891892     3.903023     0.519464     9960827.371582
1.906907     3.937311     0.562927     10879912.846695
1.921922     3.954121     0.615851     11996508.999347
1.936937     3.948580     0.665375     13062473.725944
1.951952     3.927951     0.696322     13775987.785824
1.966967     3.908899     0.704387     14042736.836762
1.981982     3.904271     0.696777     13997065.411217
1.996997     3.920386     0.685309     13870994.115027
2.012012     3.954579     0.684137     13951381.270305
2.027027     3.994427     0.700183     14385157.618798
2.042042     4.029560     0.727626     15059706.679087
2.057057     4.061560     0.758604     15816293.329349
2.072072     4.094848     0.794938     16694814.652452
2.087087     4.126318     0.839718     17763047.449730
2.102102     4.153892     0.890200     18966410.193201
2.117117     4.180167     0.946996     20320591.167158
2.132132     4.202487     1.015226     21939174.390963
2.147147     4.213068     1.094275     23813971.960013
2.162162     4.208215     1.178872     25834403.842982
2.177177     4.185552     1.265080     27916128.279183
2.192192     4.142692     1.345160     29887937.952633
2.207207     4.084153     1.409799     31538712.067096
2.222222     4.018875     1.454884     32768722.432792
2.237237     3.955655     1.481658     33597223.574019
2.252252     3.900049     1.495203     34131917.620612
2.267267     3.853738     1.499846     34466159.425749
2.282282     3.820057     1.498677     34667374.651345
2.297297     3.802320     1.500998     34949500.316333
2.312312     3.793442     1.519417     35609600.641768
2.327327     3.775704     1.556998     36727293.254950
2.342342     3.733792     1.598938     37959931.687064
2.357357     3.672913     1.622919     38776246.818052
2.372372     3.612594     1.623333     39033178.982782
2.387387     3.563930     1.608630     38924464.279456
2.402402     3.530654     1.586891     38639939.415037
2.417417     3.512950     1.567258     38400400.041460
2.432432     3.505110     1.556295     38368620.271156
2.447447     3.500947     1.554584     38563034.651785
2.462462     3.498957     1.561665     38976338.218241
2.477477     3.495284     1.582641     39740724.901833
2.492492     3.476314     1.617013     40849901.504967
2.507508     3.432481     1.648731     41902074.886068
2.522523     3.372703     1.659875     42437915.719948
2.537538     3.313273     1.647212     42364837.481399
2.552553     3.264916     1.615183     41786883.824073
2.567568     3.236839     1.571078     40884929.482679
2.582583     3.232664     1.529335     40031371.098419
2.597598     3.244305     1.501886     39541435.906913
2.612613     3.261503     1.492112     39511178.566112
2.627628     3.274036     1.499715     39940734.631513
2.642643     3.272111     1.516651     40622601.236054
2.657658     3.256184     1.529426     41197524.810917
2.672673     3.236980     1.532195     41505284.481286
2.687688     3.222124     1.530702     41697783.835527
2.702703     3.209616     1.531391     41949608.948532
2.717718     3.194366     1.534763     42275542.364489
2.732733     3.173257     1.536522     42557839.227175
2.747748     3.148978     1.531237     42644469.109018
2.762763     3.127019     1.518223     42513077.723749
2.777778     3.111833     1.499917     42228761.730415
2.792793     3.105565     1.482409     41961440.039412
2.807808     3.103555     1.471349     41872267.446075
2.822823     3.099299     1.465073     41916632.791983
2.837838     3.091820     1.458665     41955275.016530
2.852853     3.083219     1.449648     41916556.948091
2.867868     3.076175     1.437028     41770334.592743
2.882883     3.074512     1.422106     41553020.669302
2.897898     3.079841     1.410252     41421266.454747
2.912913     3.087732     1.406472     41524269.287397
2.927928     3.091102     1.409385     41824763.747477
2.942943     3.088448     1.412417     42129700.203694
2.957958     3.083952     1.413279     42370491.939051
2.972973     3.079047     1.414157     42612026.862212
2.987988     3.071703     1.416211     42889428.845069
3.003003     3.059099     1.416873     43125121.462917
3.018018     3.042502     1.410921     43158666.980450
3.033033     3.027711     1.395751     42907045.676850
3.048048     3.021361     1.374515     42463412.946082
3.063063     3.024961     1.354883     42063084.289243
3.078078     3.033541     1.342267     41875688.339490
3.093093     3.040374     1.336088     41886263.777743
3.108108     3.042371     1.330565     41915593.268083
3.123123     3.043519     1.320402     41796405.758702
3.138138     3.050194     1.307732     41594362.309380
3.153153     3.062273     1.298675     41503926.049097
3.168168     3.075796     1.294946     41581800.860449
3.183183     3.088894     1.295862     41808444.911200
3.198198     3.100431     1.302229     42212024.195255
3.213213     3.105644     1.314975     42825305.078004
3.228228     3.097935     1.327892     43448059.904618
3.243243     3.079928     1.328625     43674238.368572
3.258258     3.065684     1.312844     43355280.970005
3.273273     3.065019     1.291041     42831757.847675
3.288288     3.073666     1.273273     42436060.907211
3.303303     3.086033     1.260207     42192354.492159
3.318318     3.099838     1.251531     42092360.060693
3.333333     3.112716     1.245752     42087566.385491
3.348348     3.125091     1.240992     42115625.197916
3.363363     3.136859     1.237424     42182834.835248
3.378378     3.147504     1.233378     42232628.356578
3.393393     3.158827     1.227762     42227168.546317
3.408408     3.172969     1.220988     42180004.654588
3.423423     3.191926     1.216767     42219355.796470
3.438438     3.210766     1.219900     42513695.151290
3.453453     3.222148     1.225780     42905183.111746
3.468468     3.228501     1.225635     43086627.410755
3.483483     3.238019     1.218945     43036934.947553
3.498498     3.253203     1.211103     42944375.239369
3.513514     3.272679     1.204389     42889596.872771
3.528529     3.296523     1.201014     42952174.001244
3.543544     3.320598     1.204386     43256074.917572
3.558559     3.338599     1.210370     43655196.537129
3.573574     3.353170     1.211310     43873437.391358
3.588589     3.371169     1.207722     43927266.921164
3.603604     3.393705     1.203774     43966872.980812
3.618619     3.419905     1.200849     44042780.097043
3.633634     3.449330     1.200627     44217369.535379
3.648649     3.478575     1.204093     44528253.634386
3.663664     3.504852     1.206292     44793162.001882
3.678679     3.533938     1.201693     44805256.099178
3.693694     3.574331     1.194413     44715599.254683
3.708709     3.626226     1.193492     44862749.640557
3.723724     3.684076     1.203164     45409386.972636
3.738739     3.742887     1.223100     46347972.849730
3.753754     3.799989     1.249852     47551898.088498
3.768769     3.858697     1.280489     48912391.429509
3.783784     3.922862     1.320473     50640670.008870
3.798799     3.986391     1.377166     53024438.109127
3.813814     4.038901     1.448557     55993621.365407
3.828829     4.076091     1.525993     59219143.910416
3.843844     4.100602     1.602120     62417209.230598
3.858859     4.117898     1.674227     65481230.410314
3.873874     4.131994     1.744517     68495835.909248
3.888889     4.141654     1.815834     71572333.641952
3.903904     4.144299     1.885961     74623456.529408
3.918919     4.142549     1.951093     77497518.449188
3.933934     4.140840     2.012751     80252896.151697
3.948949     4.139002     2.074117     83015327.005988
3.963964     4.136070     2.135459     85795475.913347
3.978979     4.132058     2.197522     88623391.797348
3.993994     4.125511     2.260899     91523386.370429
4.009009     4.114707     2.324415     94448335.002396
4.024024     4.098965     2.384763     97263361.153183
4.039039     4.082003     2.437440     99782740.890416
4.054054     4.072183     2.483349     102040106.564956
4.069069     4.073982     2.530879     104378229.501398
4.084084     4.084088     2.587946     107125617.880269
4.099099     4.097100     2.656436     110364969.236500
4.114114     4.112824     2.736647     114113919.381552
4.129129     4.130618     2.836433     118706508.528680
4.144144     4.138372     2.963719     124484526.225056
4.159159     4.120009     3.113882     131265668.724700
4.174174     4.067609     3.276289     138610548.797467
4.189189     3.974038     3.441647     146130141.586960
4.204204     3.832921     3.590984     153017406.526618
4.219219     3.654472     3.699724     158214015.897321
4.234234     3.464577     3.756189     161200318.681355
4.249249     3.288819     3.769245     162334224.060539
4.264264     3.136470     3.760877     162546162.992296
4.279279     2.995620     3.745860     162467194.897522
4.294294     2.853678     3.714816     161686087.735467
4.309309     2.723481     3.652268     159519525.702444
4.324324     2.629339     3.567924     156378625.543809
4.339339     2.575648     3.488680     153436369.574516
4.354354     2.547657     3.433019     151510761.351702
4.369369     2.526432     3.406441     150856210.737261
4.384384     2.493069     3.404737     151298880.556017
4.399399     2.432632     3.411432     152115542.143671
4.414414     2.346607     3.400551     152147881.878243
4.429429     2.258189     3.357195     150718960.363612
4.444444     2.189181     3.291107     148252814.648205
4.459459     2.144437     3.217455     145424731.164639
4.474474     2.123582     3.146834     142711619.768584
4.489489     2.122171     3.090551     140629484.884642
4.504505     2.128561     3.055236     139487499.308302
4.519520     2.131232     3.038500     139185843.629416
4.534535     2.123621     3.035031     139488826.690789
4.549550     2.099475     3.038809     140124900.200978
4.564565     2.054113     3.037536     140528474.052409
4.579580     1.993918     3.014031     139899729.743364
4.594595     1.939576     2.960258     137854293.833282
4.609610     1.911173     2.887045     134884230.540666
4.624625     1.914437     2.814353     131916359.326317
4.639640     1.941864     2.758165     129702386.930512
4.654655     1.981382     2.725176     128565831.202164
4.669670     2.022316     2.716431     128566679.690069
4.684685     2.054167     2.729187     129585737.750111
4.699700     2.069604     2.754526     131208035.214214
4.714715     2.070072     2.782848     132980660.161906
4.729730     2.060449     2.812323     134817103.077782
4.744745     2.039317     2.845361     136833905.843001
4.759760     1.999426     2.878393     138860459.293764
4.774775     1.938298     2.897993     140247049.187541
4.789790     1.867349     2.890817     140339728.480480
4.804805     1.804932     2.856983     139131990.937460
4.819820     1.762270     2.808468     137196727.277113
4.834835     1.739240     2.758469     135174041.231491
4.849850     1.729552     2.713781     133397147.818034
4.864865     1.728119     2.675241     131909835.691780
4.879880     1.733119     2.642538     130699514.206263
4.894895     1.743795     2.616795     129824473.898530
4.909910     1.758283     2.599902     129382067.325400
4.924925     1.773595     2.592828     129424597.413660
4.939940     1.787133     2.595485     129952240.909801
4.954955     1.796306     2.608454     130998515.059780
4.969970     1.796029     2.632065     132584841.394336
4.984985     1.778914     2.662254     134510715.901675
5.000000     1.741249     2.688360     136238853.830246
5.015015     1.688075     2.699379     137208052.161195
5.030030     1.629174     2.690415     137161864.137602
5.045045     1.574020     2.662126     136124777.288494
5.060060     1.530086     2.619319     134334518.589802
5.075075     1.500553     2.569563     132173772.720858
5.090090     1.483487     2.519093     129961043.525604
5.105105     1.475593     2.469815     127794648.349691
5.120120     1.475845     2.421434     125659785.487018
5.135135     1.485611     2.374075     123563385.480975
5.150150     1.507836     2.331227     121688071.863059
5.165165     1.541176     2.300653     120442259.186525
5.180180     1.577776     2.286988     120074895.519332
5.195195     1.609543     2.288538     120504548.466231
5.210210     1.631995     2.300523     121485772.013922
5.225225     1.643433     2.318976     122813154.313564
5.240240     1.641595     2.340055     124285581.019931
5.255255     1.625614     2.356850     125536264.772272
5.270270     1.600686     2.362332     126187793.924854
5.285285     1.574721     2.356635     126242117.751511
5.300300     1.549485     2.343167     125877274.763440
5.315315     1.525460     2.320451     125010076.534847
5.330330     1.507836     2.288056     123613045.229411
5.345345     1.500258     2.250295     121915467.249850
5.360360     1.502794     2.211051     120125820.205486
5.375375     1.515063     2.172749     118375524.851524
5.390390     1.536734     2.137497     116780205.001403
5.405405     1.567939     2.107554     115465016.707204
5.420420     1.608272     2.087366     114676675.227310
5.435435     1.652790     2.082054     114701710.157524
5.450450     1.692846     2.091568     115544126.385718
5.465465     1.722912     2.109308     116845129.212303
5.480480     1.744519     2.128653     118240719.814747
5.495495     1.761043     2.148159     119651119.849238
5.510511     1.772803     2.168069     121090055.323703
5.525526     1.779314     2.185792     122412525.143236
5.540541     1.784265     2.197956     123428268.501875
5.555556     1.793448     2.205919     124211144.881273
5.570571     1.809871     2.214639     125039184.191424
5.585586     1.833055     2.230032     126247644.115959
5.600601     1.858733     2.256561     128092954.966354
5.615616     1.882079     2.295339     130643484.984932
5.630631     1.898484     2.347560     133972968.914403
5.645646     1.899429     2.412242     138031423.595040
5.660661     1.877035     2.480213     142298257.259744
5.675676     1.832580     2.538026     146001429.679910
5.690691     1.775679     2.577814     148682603.431090
5.705706     1.715841     2.599546     150331638.436305
5.720721     1.659301     2.606177     151111754.319870
5.735736     1.610660     2.602196     151276916.335465
5.750751     1.571056     2.594513     151225141.360011
5.765766     1.535938     2.587563     151213835.337521
5.780781     1.501253     2.579579     151139824.101494
5.795796     1.467424     2.567967     150850224.835801
5.810811     1.435957     2.552129     150308283.325939
5.825826     1.408466     2.531908     149502691.995575
5.840841     1.387477     2.508434     148498313.304686
5.855856     1.374166     2.485157     147498528.746255
5.870871     1.367020     2.464951     146674389.639322
5.885886     1.364462     2.449139     146106279.503925
5.900901     1.364736     2.439453     145899694.321937
5.915916     1.364180     2.436750     146108840.999624
5.930931     1.358964     2.438627     146592480.244643
5.945946     1.348600     2.440645     147085213.647375
5.960961     1.335808     2.440581     147452787.817911
5.975976     1.322345     2.439097     147734355.052460
5.990991     1.308491     2.436359     147939254.705196
6.006006     1.295515     2.432475     148073616.663869
6.021021     1.284061     2.429657     148271796.108895
6.036036     1.271577     2.429797     148650120.512909
6.051051     1.254460     2.431191     149105394.289983
6.066066     1.232054     2.428925     149336107.511375
6.081081     1.208908     2.419492     149124347.982091
6.096096     1.189946     2.405327     148617335.550354
6.111111     1.174853     2.390361     148056386.770304
6.126126     1.161911     2.374518     147436491.095239
6.141141     1.152712     2.357298     146726006.865625
6.156156     1.148382     2.341432     146094788.218977
6.171171     1.147126     2.329132     145681781.703341
6.186186     1.147190     2.320846     145516712.185933
6.201201     1.146908     2.317183     145639648.118996
6.216216     1.143123     2.317607     146018993.760585
6.231231     1.133789     2.318162     146406781.740621
6.246246     1.121602     2.314746     146543317.839079
6.261261     1.111032     2.307936     146463428.347313
6.276276     1.103197     2.301117     146380864.430909
6.291291     1.096383     2.296166     146415331.996893
6.306306     1.088861     2.292904     146556281.041832
6.321321     1.079994     2.290512     146751970.856249
6.336336     1.069316     2.288697     146983968.664988
6.351351     1.055727     2.286193     147171131.586286
6.366366     1.040091     2.280331     147140764.168297
6.381381     1.025710     2.270725     146866503.571279
6.396396     1.013871     2.259976     146515200.212210
6.411411     1.003254     2.249211     146159608.032221
6.426426     0.993485     2.237831     145760645.723659
6.441441     0.985295     2.225905     145322625.691137
6.456456     0.978737     2.214443     144911292.672051
6.471471     0.972976     2.203711     144544397.290230
6.486486     0.967797     2.193278     144193826.809012
6.501502     0.963479     2.182931     143845825.502558
6.516517     0.960622     2.172943     143518294.329114
6.531532     0.959300     2.164219     143271512.562622
6.546547     0.959293     2.157330     143143773.947297
6.561562     0.960429     2.153745     143233610.034029
6.576577     0.959970     2.155192     143657822.944879
6.591592     0.953840     2.159619     144281590.148723
6.606607     0.941609     2.162131     144778479.782101
6.621622     0.926712     2.160050     144967873.456579
6.636637     0.911982     2.154461     144920618.710020
6.651652     0.897483     2.146586     144717567.675900
6.666667     0.883353     2.135919     144323469.854612
6.681682     0.870890     2.122396     143732747.651520
6.696697     0.861113     2.106809     142997778.260900
6.711712     0.854615     2.090182     142187356.886170
6.726727     0.851614     2.073575     141373190.339284
6.741742     0.852283     2.058147     140634538.896014
6.756757     0.856186     2.045566     140086195.876312
6.771772     0.861877     2.037058     139813531.282805
6.786787     0.867645     2.033061     139848620.673224
6.801802     0.871768     2.033478     140186784.414967
6.816817     0.872272     2.037743     140790885.464899
6.831832     0.866986     2.043850     141523849.012668
6.846847     0.855505     2.048078     142128303.662120
6.861862     0.840213     2.047474     142397988.181692
6.876877     0.824252     2.041455     142290069.158492
6.891892     0.809913     2.031002     141870544.658426
6.906907     0.798351     2.017366     141225100.020175
6.921922     0.790784     2.001655     140429860.381208
6.936937     0.788188     1.986524     139670619.580441
6.951952     0.788575     1.975042     139163879.164236
6.966967     0.788393     1.967042     138899572.860737
6.981982     0.786419     1.959835     138688940.129769
6.996997     0.784453     1.951843     138420402.198705
7.012012     0.784056     1.944614     138203696.919856
7.027027     0.783854     1.940106     138178552.117508
7.042042     0.781270     1.937976     138321750.010247
7.057057     0.774638     1.935847     138464444.641074
7.072072     0.764553     1.930162     138351560.438528
7.087087     0.754773     1.918650     137818368.923579
7.102102     0.749825     1.902910     136977323.657716
7.117117     0.751506     1.887430     136150240.756995
7.132132     0.757791     1.876323     135634579.679946
7.147147     0.764946     1.870581     135504217.360397
7.162162     0.770794     1.868864     135664250.174015
7.177177     0.774746     1.870262     136050355.702166
7.192192     0.775840     1.874541     136646897.837884
7.207207     0.772485     1.880638     137377575.265325
7.222222     0.763831     1.886270     138076022.387838
7.237237     0.750317     1.888905     138556338.472887
7.252252     0.733717     1.886153     138641551.196759
7.267267     0.717371     1.877047     138257830.941129
7.282282     0.704265     1.863061     137511202.803401
7.297297     0.695529     1.846506     136570340.049481
7.312312     0.691363     1.829193     135568194.613475
7.327327     0.691524     1.813134     134653958.248923
7.342342     0.694196     1.799909     133945695.778605
7.357357     0.697356     1.788899     133398558.866459
7.372372     0.700994     1.778529     132895940.786444
7.387387     0.706673     1.768736     132433372.411274
7.402402     0.715124     1.761444     132155462.846343
7.417417     0.725156     1.758874     132230270.493237
7.432432     0.733816     1.762204     132748806.673040
7.447447     0.737645     1.769960     133602426.742098
7.462462     0.735310     1.778795     134540078.298710
7.477477     0.727587     1.785838     135344508.296224
7.492492     0.716224     1.789348     135882874.458095
7.507508     0.703105     1.788742     136109081.323914
7.522523     0.689677     1.784128     136029491.311668
7.537538     0.677030     1.775492     135641212.981203
7.552553     0.667200     1.762897     134947338.891057
7.567568     0.662484     1.748794     134133863.076897
7.582583     0.661870     1.737087     133500273.013732
7.597598     0.661514     1.728491     133102747.260523
7.612613     0.659985     1.720101     132718409.130831
7.627628     0.659439     1.710555     132242164.397792
7.642643     0.661253     1.701521     131802725.393313
7.657658     0.664515     1.694571     131522235.622601
7.672673     0.667931     1.689778     131407438.011296
7.687688     0.671002     1.686774     131430491.521132
7.702703     0.673359     1.685643     131598897.901823
7.717718     0.673960     1.686339     131909857.957903
7.732733     0.671747     1.687553     132261678.362506
7.747748     0.667385     1.687508     132514904.293056
7.762763     0.662347     1.686172     132666666.169474
7.777778     0.656602     1.684312     132776639.362193
7.792793     0.649444     1.681358     132799603.446958
7.807808     0.641509     1.675866     132620874.173900
7.822823     0.634849     1.667710     132229218.007597
7.837838     0.630492     1.658648     131763153.019560
7.852853     0.627508     1.649855     131315723.524428
7.867868     0.625346     1.640768     130842197.025855
7.882883     0.625023     1.631384     130342094.562607
7.897898     0.626705     1.623326     129945353.581718
7.912913     0.628847     1.617299     129709047.594959
7.927928     0.630623     1.612543     129573039.637844
7.942943     0.632096     1.608748     129512920.191361
7.957958     0.633023     1.606044     129539637.772201
7.972973     0.632620     1.604292     129642446.498371
7.987988     0.630246     1.602193     129716688.117926
8.003003     0.627134     1.598312     129645682.440406
8.018018     0.624932     1.593466     129495073.771566
8.033033     0.623091     1.589000     129373999.119043
8.048048     0.620522     1.584366     129237819.517021
8.063063     0.617657     1.578370     128988923.330287
8.078078     0.615812     1.570825     128611409.142705
8.093093     0.616126     1.562547     128171399.973457
8.108108     0.619035     1.555334     127816443.692304
8.123123     0.622890     1.550945     127691751.303948
8.138138     0.625406     1.548630     127736835.055015
8.153153     0.626276     1.546630     127807295.259792
8.168168     0.626157     1.544054     127829353.455333
8.183183     0.625830     1.540686     127785033.208228
8.198198     0.625535     1.536731     127690888.522255
8.213213     0.625502     1.531610     127498396.370970
8.228228     0.627262     1.525168     127194269.729571
8.243243     0.632209     1.518930     126905154.027991
8.258258     0.640353     1.515398     126840735.327090
8.273273     0.649490     1.516837     127191991.473937
8.288288     0.656183     1.522893     127931584.906210
8.303303     0.658891     1.531082     128852480.776301
8.318318     0.657986     1.539706     129812598.159537
8.333333     0.653520     1.548013     130748531.354621
8.348348     0.645247     1.554450     131528788.410108
8.363363     0.634527     1.556656     131952347.635146
8.378378     0.624951     1.554161     131977410.514936
8.393393     0.618764     1.549984     131858528.088477
8.408408     0.614516     1.546734     131817507.188613
8.423423     0.610486     1.544202     131836674.678998
8.438438     0.606522     1.541709     131858469.214821
8.453453     0.602847     1.539278     131884794.375306
8.468468     0.599280     1.537205     131941093.902751
8.483483     0.595295     1.535413     132021024.173446
8.498498     0.590636     1.533212     132065042.002525
8.513514     0.585977     1.529945     132016451.656055
8.528529     0.582225     1.525938     131902946.298420
8.543544     0.579715     1.521977     131792214.110100
8.558559     0.578217     1.518989     131764610.507127
8.573574     0.576784     1.517482     131864781.340156
8.588589     0.574466     1.517148     132066640.787771
8.603604     0.570752     1.517221     132303941.828173
8.618619     0.565744     1.516792     132497374.588205
8.633634     0.560168     1.515335     132600673.084766
8.648649     0.554776     1.513112     132636438.801551
8.663664     0.549723     1.510797     132663452.971802
8.678679     0.544441     1.508911     132727491.361772
8.693694     0.537999     1.506993     132788044.362755
8.708709     0.530558     1.503867     132741464.154476
8.723724     0.522968     1.499276     132564404.763935
8.738739     0.515528     1.493179     132252537.777028
8.753754     0.509062     1.485159     131768230.027592
8.768769     0.505075     1.476008     131180978.186760
8.783784     0.503615     1.467739     130669412.009885
8.798799     0.503232     1.461278     130316564.316143
8.813814     0.502887     1.456282     130092643.585447
8.828829     0.502235     1.452474     129973574.092333
8.843844     0.500521     1.449724     129948134.327686
8.858859     0.496993     1.446632     129891059.632119
8.873874     0.493083     1.441476     129647550.075316
8.888889     0.491077     1.435171     129298890.583913
8.903904     0.490983     1.429943     129045492.472429
8.918919     0.491262     1.426801     128979035.912809
8.933934     0.490346     1.425268     129057346.084533
8.948949     0.487837     1.424020     129161076.749007
8.963964     0.484230     1.422565     129245559.524278
8.978979     0.479239     1.420708     129293083.840939
8.993994     0.473013     1.417113     129181605.248890
9.009009     0.467402     1.411238     128860782.397893
9.024024     0.463654     1.404605     128468859.273198
9.039039     0.461001     1.398668     128138698.433028
9.054054     0.458262     1.393238     127853267.149000
9.069069     0.455416     1.387502     127538077.223029
9.084084     0.453076     1.381396     127187003.870979
9.099099     0.451378     1.375395     126843818.965711
9.114114     0.450113     1.369738     126530594.258651
9.129129     0.449005     1.364583     126262059.584207
9.144144     0.447597     1.359726     126019541.411669
9.159159     0.445895     1.354521     125743312.541710
9.174174     0.444726     1.348670     125405390.688204
9.189189     0.444696     1.343148     125096294.306152
9.204204     0.444862     1.338736     124889152.057706
9.219219     0.444454     1.334703     124716078.333154
9.234234     0.444012     1.330351     124511799.691010
9.249249     0.444299     1.326147     124320206.467048
9.264264     0.444965     1.323078     124233806.965897
9.279279     0.444906     1.321135     124252466.063944
9.294294     0.443690     1.319447     124294534.316452
9.309309     0.441696     1.317388     124301046.535253
9.324324     0.439430     1.314897     124266062.175949
9.339339     0.437182     1.312388     124228733.662918
9.354354     0.434342     1.310374     124237486.736995
9.369369     0.429977     1.308023     124213611.200648
9.384384     0.424663     1.304015     124031497.660443
9.399399     0.419538     1.298212     123677078.546440
9.414414     0.415178     1.290866     123173664.411006
9.429429     0.412244     1.282037     122526395.190056
9.444444     0.411811     1.272330     121792290.569842
9.459459     0.414596     1.263411     121130786.151400
9.474474     0.419750     1.257606     120765610.118223
9.489489     0.424498     1.255960     120798678.007107
9.504505     0.426176     1.256972     121087336.819554
9.519520     0.424166     1.257830     121361388.327757
9.534535     0.419973     1.256485     121422815.588124
9.549550     0.415532     1.252828     121260084.308340
9.564565     0.411675     1.247663     120949998.046714
9.579580     0.408458     1.241437     120535412.174060
9.594595     0.406112     1.234040     120005007.448123
9.609610     0.405465     1.225780     119388290.553297
9.624625     0.406760     1.217701     118786717.992848
9.639640     0.409602     1.210425     118261197.167292
9.654655     0.413742     1.204303     117846280.630420
9.669670     0.419009     1.199744     117582786.240506
9.684685     0.425112     1.197655     117560364.281025
9.699700     0.430372     1.199088     117883496.936241
9.714715     0.432052     1.203042     118455285.591196
9.729730     0.429147     1.206217     118951482.304788
9.744745     0.423719     1.205633     119077293.174548
9.759760     0.419306     1.201000     118802499.686341
9.774775     0.418267     1.194675     118358689.374753
9.789790     0.420379     1.189788     118055519.950583
9.804805     0.423135     1.188080     118066926.298170
9.819820     0.423752     1.188482     118287697.040795
9.834835     0.421746     1.188252     118445699.566321
9.849850     0.419012     1.185741     118375834.041933
9.864865     0.417709     1.181629     118145108.925317
9.879880     0.418323     1.177890     117950494.567642
9.894895     0.419577     1.175812     117921405.980384
9.909910     0.419925     1.174984     118017194.295916
9.924925     0.419090     1.174157     118112762.126906
9.939940     0.417646     1.172745     118149220.783222
9.954955     0.416073     1.170576     118108825.619101
9.969970     0.415036     1.167711     117997461.227838
9.984985     0.414973     1.164822     117882786.954113
10.000000     0.415703     1.162602     117835063.630891
10.015015     0.416796     1.161545     117904716.135070
10.030030     0.417410     1.161946     118122238.035966
10.045045     0.416536     1.163305     118437412.727634
10.060060     0.413795     1.164465     118732744.591832
10.075075     0.409767     1.164255     118888490.680752
10.090090     0.405750     1.162312     118866977.729842
10.105105     0.402846     1.159367     118742238.507819
10.120120     0.401150     1.156706     118645761.972588
10.135135     0.399688     1.155028     118649396.428983
10.150150     0.397629     1.153858     118704805.751765
10.165165     0.395073     1.152682     118759226.365948
10.180180     0.392033     1.151570     118819928.126806
10.195195     0.388082     1.150234     118857133.790303
10.210210     0.383324     1.147778     118778021.385700
10.225225     0.378788     1.143698     118529883.584189
10.240240     0.375568     1.138598     118174552.805275
10.255255     0.373774     1.133665     117835128.820892
10.270270     0.372709     1.129493     117573323.941396
10.285285     0.371821     1.126114     117393027.261047
10.300300     0.370521     1.123392     117280199.039790
10.315315     0.368483     1.120544     117153403.254784
10.330330     0.366348     1.116875     116939743.740340
10.345345     0.365070     1.112650     116666698.826024
10.360360     0.364908     1.108798     116431553.261681
10.375375     0.365465     1.106075     116313944.924856
10.390390     0.365875     1.105033     116372521.211201
10.405405     0.364731     1.105338     116572946.004200
10.420420     0.361415     1.105423     116750145.701853
10.435435     0.356808     1.103922     116759593.992506
10.450450     0.352289     1.100633     116579195.532308
10.465465     0.348878     1.096221     116278682.207629
10.480480     0.346894     1.091885     115984946.603817
10.495495     0.345529     1.088725     115814981.915216
10.510511     0.343329     1.086625     115756959.164212
10.525526     0.339683     1.084224     115666134.000629
10.540541     0.335464     1.080379     115420405.524894
10.555556     0.331921     1.075279     115039211.652642
10.570571     0.329410     1.069762     114611793.304465
10.585586     0.327797     1.064328     114191546.789380
10.600601     0.326800     1.059422     113826443.251443
10.615616     0.325756     1.055043     113516501.821194
10.630631     0.324549     1.050589     113197087.541328
10.645646     0.323636     1.045948     112856239.398290
10.660661     0.323148     1.041338     112517333.426728
10.675676     0.323331     1.036916     112197294.648512
10.690691     0.324218     1.033543     111989672.607127
10.705706     0.324546     1.031805     111958336.574020
10.720721     0.323013     1.030638     111988583.418617
10.735736     0.319825     1.028283     111889139.132667
10.750751     0.316618     1.023807     111557870.377535
10.765766     0.315170     1.018132     111094468.370278
10.780781     0.315610     1.013170     110707238.961059
10.795796     0.316639     1.010043     110519230.727992
10.810811     0.316618     1.008491     110502985.426386
10.825826     0.314830     1.007071     110500602.818875
10.840841     0.311981     1.004614     110383885.555301
10.855856     0.308971     1.001062     110145967.092809
10.870871     0.306135     0.996588     109805337.318076
10.885886     0.303890     0.991234     109366328.703012
10.900901     0.302629     0.985418     108874611.477806
10.915916     0.302404     0.979572     108377759.394387
10.930931     0.303274     0.974096     107920156.774541
10.945946     0.305039     0.969641     107574168.073974
10.960961     0.306912     0.966584     107382013.552787
10.975976     0.308134     0.964540     107301799.984738
10.990991     0.308639     0.962881     107263768.010834
11.006006     0.308671     0.961558     107262719.190411
11.021021     0.307846     0.960693     107312448.387774
11.036036     0.305742     0.959597     107335997.765904
11.051051     0.302797     0.957530     107250553.153514
11.066066     0.299570     0.954275     107031226.716014
11.081081     0.296769     0.949649     106656910.525625
11.096096     0.295418     0.944268     106196170.507711
11.111111     0.295498     0.939541     105807570.885048
11.126126     0.295842     0.936135     105566522.909125
11.141141     0.295369     0.933536     105415452.045298
11.156156     0.293874     0.930592     105224599.330601
11.171171     0.292327     0.926497     104902543.142152
11.186186     0.291975     0.921891     104521422.424093
11.201201     0.292638     0.918227     104245658.183600
11.216216     0.293031     0.915876     104118151.372396
11.231231     0.292349     0.914159     104062084.379494
11.246246     0.290384     0.912295     103988772.962435
11.261261     0.287274     0.909337     103789944.221875
11.276276     0.284075     0.904398     103363854.757137
11.291291     0.282481     0.897872     102754724.813559
11.306306     0.283148     0.891521     102163512.722674
11.321321     0.285007     0.886756     101752417.905545
11.336336     0.286634     0.883466     101509303.719235
11.351351     0.287489     0.880838     101341430.261843
11.366366     0.287651     0.878203     101171962.544602
11.381381     0.287608     0.875182     100957067.216897
11.396396     0.287882     0.872098     100734059.880770
11.411411     0.288153     0.869495     100565705.199495
11.426426     0.287808     0.866980     100406780.325226
11.441441     0.287250     0.863804     100170415.049836
11.456456     0.287301     0.860228     99886623.048702
11.471471     0.287983     0.856955     99637026.477639
11.486486     0.288897     0.854242     99451591.859430
11.501502     0.289854     0.852005     99320806.700805
11.516517     0.290895     0.850401     99263212.118604
11.531532     0.291623     0.849861     99329501.319671
11.546547     0.291047     0.850249     99504290.112116
11.561562     0.288598     0.850426     99654432.924228
11.576577     0.284836     0.849208     99640945.201989
11.591592     0.280944     0.846204     99417247.083153
11.606607     0.277940     0.842024     99054247.854527
11.621622     0.275794     0.837660     98668440.807527
11.636637     0.273836     0.833200     98269855.387215
11.651652     0.272222     0.828034     97786571.758372
11.666667     0.271877     0.822403     97246708.210039
11.681682     0.272946     0.817507     96792242.521337
11.696697     0.274422     0.814155     96519204.161882
11.711712     0.275011     0.811948     96381197.246423
11.726727     0.274482     0.809542     96218757.562890
11.741742     0.273896     0.806345     95961530.534955
11.756757     0.273953     0.803018     95687777.703593
11.771772     0.274395     0.800224     95476619.245840
11.786787     0.274747     0.798030     95336242.891459
11.801802     0.274867     0.796311     95252150.441696
11.816817     0.274600     0.795197     95239903.164818
11.831832     0.273418     0.794683     95299231.267482
11.846847     0.270744     0.794202     95362479.583528
11.861862     0.266536     0.792665     95298493.209059
11.876877     0.261786     0.789101     94990056.446295
11.891892     0.258033     0.783778     94468614.728126
11.906907     0.255817     0.778089     93901341.763481
11.921922     0.254327     0.772945     93398207.370048
11.936937     0.252767     0.768017     92919528.116871
11.951952     0.251315     0.762802     92404684.931104
11.966967     0.250252     0.757494     91876949.501257
11.981982     0.249406     0.752262     91356874.023490
11.996997     0.248685     0.747003     90831857.198848
12.012012     0.248136     0.741695     90299395.089343
12.027027     0.247735     0.736363     89762233.761688
12.042042     0.247464     0.730964     89215316.543009
12.057057     0.247354     0.725512     88660399.653660
12.072072     0.247249     0.720019     88098695.853150
12.087087     0.247028     0.714075     87479986.724331
12.102102     0.247258     0.707134     86737301.414849
12.117117     0.249091     0.699482     85905241.776737
12.132132     0.253042     0.692553     85159562.660901
12.147147     0.258164     0.687702     84667725.557171
12.162162     0.262915     0.685005     84439906.636315
12.177177     0.266473     0.683593     84369905.354917
12.192192     0.268748     0.682782     84373781.344508
12.207207     0.269653     0.682026     84384106.289991
12.222222     0.269484     0.680653     84317890.581627
12.237237     0.268831     0.678528     84157902.227167
12.252252     0.267840     0.675817     83924466.113418
12.267267     0.266454     0.672276     83587023.460731
12.282282     0.265132     0.667432     83086332.698867
12.297297     0.264853     0.661389     82434757.796057
12.312312     0.266191     0.655184     81761093.903690
12.327327     0.268515     0.649850     81194261.055004
12.342342     0.270748     0.645179     80708921.735700
12.357357     0.272912     0.640159     80178317.011293
12.372372     0.276114     0.634605     79579255.188920
12.387387     0.281126     0.629610     79048724.036949
12.402402     0.287480     0.626733     78782899.460718
12.417417     0.293332     0.626716     78876148.579314
12.432432     0.296912     0.628395     79183057.607091
12.447447     0.298143     0.629961     79476210.426852
12.462462     0.297892     0.630459     79634997.995195
12.477477     0.297063     0.629676     79631928.534302
12.492492     0.296285     0.627819     79492630.935376
12.507508     0.295947     0.625205     79256808.163259
12.522523     0.296229     0.622283     78981141.858738
12.537538     0.296998     0.619380     78706954.113365
12.552553     0.298206     0.616648     78453628.919926
12.567568     0.299682     0.614456     78268191.942303
12.582583     0.300811     0.612824     78153652.478190
12.597598     0.301354     0.611154     78033630.063675
12.612613     0.301719     0.609121     77866782.801258
12.627628     0.302173     0.606895     77674582.305888
12.642643     0.302749     0.604635     77477375.848344
12.657658     0.303384     0.602554     77302388.491818
12.672673     0.303667     0.600727     77159454.507728
12.687688     0.303253     0.598587     76975686.519224
12.702703     0.302631     0.595440     76661537.423534
12.717718     0.302679     0.591332     76222609.029710
12.732733     0.303977     0.586921     75743447.713376
12.747748     0.306460     0.583164     75347251.756968
12.762763     0.309343     0.580599     75104294.669806
12.777778     0.311909     0.578991     74984353.997710
12.792793     0.313948     0.577988     74942426.534403
12.807808     0.315260     0.577394     74953254.210785
12.822823     0.315642     0.576760     74958791.545870
12.837838     0.315336     0.575508     74883602.751969
12.852853     0.314980     0.573517     74711877.200668
12.867868     0.314815     0.571261     74504871.488186
12.882883     0.314435     0.568820     74273061.879902
12.897898     0.313888     0.565648     73944921.841620
12.912913     0.313800     0.561681     73511850.565521
12.927928     0.314338     0.557268     73019084.895546
12.942943     0.315634     0.552229     72442900.205614
12.957958     0.318664     0.546802     71814156.050338
12.972973     0.323828     0.542612     71346515.897867
12.987988     0.329623     0.541056     71224165.696143
13.003003     0.334093     0.541489     71363650.651736
13.018018     0.336950     0.542159     71534422.122701
13.033033     0.339426     0.542333     71639897.392286
13.048048     0.342363     0.542952     71804247.171661
13.063063     0.344964     0.545134     72175788.917061
13.078078     0.345635     0.548642     72723744.226795
13.093093     0.343485     0.551858     73234027.226548
13.108108     0.339167     0.552874     73452997.045520
13.123123     0.334583     0.550771     73257507.643741
13.138138     0.331754     0.546254     72739788.421506
13.153153     0.331565     0.541258     72156863.172358
13.168168     0.333101     0.537608     71752066.916735
13.183183     0.334608     0.535506     71553092.654048
13.198198     0.335308     0.533882     71417268.359278
13.213213     0.335550     0.531988     71244935.909864
13.228228     0.335705     0.529687     71017349.123187
13.243243     0.336122     0.526850     70717160.880933
13.258258     0.337412     0.523742     70379722.308664
13.273273     0.339672     0.521249     70124011.218766
13.288288     0.342142     0.519916     70023865.785071
13.303303     0.344049     0.519437     70038331.776513
13.318318     0.345246     0.519184     70083227.610408
13.333333     0.346013     0.518835     70115157.103366
13.348348     0.346611     0.518382     70132830.077984
13.363363     0.347220     0.518026     70163454.771251
13.378378     0.347652     0.518139     70257630.151245
13.393393     0.347255     0.518686     70410651.601932
13.408408     0.345696     0.518863     70513680.294504
13.423423     0.343563     0.517952     70468686.525972
13.438438     0.341662     0.516085     70293185.538738
13.453453     0.340191     0.513807     70061154.374452
13.468468     0.338910     0.511314     69799036.826985
13.483483     0.337790     0.508415     69480694.749681
13.498498     0.337185     0.505106     69105330.723059
13.513514     0.337328     0.501845     68735592.885443
13.528529     0.337881     0.499178     68446247.554107
13.543544     0.338115     0.497051     68230290.097617
13.558559     0.337787     0.494766     67991919.672507
13.573574     0.337377     0.491862     67667679.693630
13.588589     0.337418     0.488504     67279984.059088
13.603604     0.338023     0.485080     66882224.660215
13.618619     0.339109     0.481775     66499934.158563
13.633634     0.340701     0.478764     66157178.019781
13.648649     0.342650     0.476413     65904766.387273
13.663664     0.344378     0.474904     65768260.581980
13.678679     0.345302     0.473732     65678085.385362
13.693694     0.345625     0.472133     65528238.434630
13.708709     0.345977     0.469979     65300814.507005
13.723724     0.346649     0.467582     65038902.791916
13.738739     0.347608     0.465166     64773601.862181
13.753754     0.348778     0.462773     64510885.255476
13.768769     0.350228     0.460300     64236099.588036
13.783784     0.352405     0.457874     63967293.354081
13.798799     0.355440     0.456399     63830703.518448
13.813814     0.358307     0.456589     63926766.094509
13.828829     0.359795     0.457883     64177588.006270
13.843844     0.359659     0.459165     64427178.437040
13.858859     0.358254     0.459659     64566387.964809
13.873874     0.356173     0.458792     64514524.211691
13.888889     0.354409     0.456414     64249581.479238
13.903904     0.353844     0.453167     63861451.703755
13.918919     0.354626     0.450155     63505456.135774
13.933934     0.355987     0.448178     63294713.032883
13.948949     0.356972     0.447026     63200063.645760
13.963964     0.357413     0.446034     63127737.578777
13.978979     0.357531     0.445057     63057196.210863
13.993994     0.357124     0.444020     62977785.508605
14.009009     0.356228     0.442288     62799424.535679
14.024024     0.355716     0.439540     62476266.119403
14.039039     0.356363     0.436519     62113290.300536
14.054054     0.357911     0.434222     61852429.852253
14.069069     0.359593     0.432970     61740002.187109
14.084084     0.360765     0.432622     61756292.921916
14.099099     0.360892     0.432661     61827665.536065
14.114114     0.360045     0.432206     61828459.986634
14.129129     0.359008     0.430911     61708665.447055
14.144144     0.358255     0.429228     61533043.705415
14.159159     0.357585     0.427506     61351173.350967
14.174174     0.356827     0.425610     61143962.930709
14.189189     0.356088     0.423446     60897411.114863
14.204204     0.355462     0.421008     60610913.658792
14.219219     0.355094     0.418336     60289905.439079
14.234234     0.355070     0.415609     59960193.969671
14.249249     0.355321     0.412991     59645238.278931
14.264264     0.355766     0.410511     59349577.335068
14.279279     0.356471     0.408313     59093898.108504
14.294294     0.357124     0.406791     58935515.016837
14.309309     0.356921     0.405741     58845182.659785
14.324324     0.355651     0.404099     58668606.076753
14.339339     0.354330     0.401178     58305470.185425
14.354354     0.353892     0.397700     57860627.388621
14.369369     0.353882     0.394541     57460988.676983
14.384384     0.353579     0.391299     57048359.812937
14.399399     0.353448     0.387241     56515758.651468
14.414414     0.354374     0.382754     55919184.660134
14.429429     0.356294     0.378720     55387380.032305
14.444444     0.358686     0.375436     54964179.689392
14.459459     0.361159     0.372915     54651934.160661
14.474474     0.363363     0.371020     54430712.401884
14.489489     0.365066     0.369459     54257857.929670
14.504505     0.366236     0.367821     54073335.120425
14.519520     0.367133     0.365739     53822855.583577
14.534535     0.368283     0.363077     53486411.493037
14.549550     0.370266     0.360248     53124546.844197
14.564565     0.373043     0.358112     52863978.321654
14.579580     0.375818     0.357111     52770548.760139
14.594595     0.377823     0.356849     52786102.517495
14.609610     0.378963     0.356578     52800345.832809
14.624625     0.379695     0.355941     52760115.388684
14.639640     0.380330     0.355119     52692331.474911
14.654655     0.380744     0.354304     52625327.269067
14.669670     0.380639     0.353303     52530512.608595
14.684685     0.380145     0.351491     52314504.800900
14.699700     0.380118     0.348697     51951757.815851
14.714715     0.381046     0.345646     51549759.297895
14.729730     0.382583     0.342841     51183605.586027
14.744745     0.384533     0.340180     50838164.280788
14.759760     0.387086     0.337717     50521443.838581
14.774775     0.390357     0.335801     50285882.840157
14.789790     0.394217     0.334993     50215928.657654
14.804805     0.397944     0.335816     50390433.868137
14.819820     0.400475     0.338037     50775071.747928
14.834835     0.401250     0.340769     51237333.932463
14.849850     0.400295     0.343137     51645566.862540
14.864865     0.397925     0.344376     51884430.141355
14.879880     0.394866     0.343787     51847986.614776
14.894895     0.392424     0.341219     51512668.066280
14.909910     0.391750     0.337689     51031221.450798
14.924925     0.392729     0.334738     50636157.363674
14.939940     0.394198     0.333065     50433688.614540
14.954955     0.395216     0.332218     50356116.334259
14.969970     0.395699     0.331550     50305290.529011
14.984985     0.395865     0.330834     50247055.201544
15.000000     0.395827     0.330044     50177248.270651

