#   omega [eV]     refractive_index      extinction_coeff       alpha[1/m]
0.000000     5.321614     0.000000     0.000000
0.015015     5.321948     0.002249     342.203475
0.030030     5.322952     0.004503     1370.640703
0.045045     5.324627     0.006770     3090.819773
0.060060     5.326979     0.009055     5512.014105
0.075075     5.330013     0.011364     8647.405388
0.090090     5.333737     0.013705     12514.289961
0.105105     5.338162     0.016084     17134.355577
0.120120     5.343300     0.018509     22534.037416
0.135135     5.349164     0.020987     28744.966732
0.150150     5.355772     0.023527     35804.526537
0.165165     5.363142     0.026139     43756.537094
0.180180     5.371296     0.028831     52652.098451
0.195195     5.380259     0.031617     62550.622987
0.210210     5.390059     0.034508     73521.108121
0.225225     5.400728     0.037518     85643.706665
0.240240     5.412301     0.040663     99011.675470
0.255255     5.424820     0.043961     113733.810944
0.270270     5.438328     0.047434     129937.513510
0.285285     5.452879     0.051106     147772.677271
0.300300     5.468531     0.055005     167416.676396
0.315315     5.485350     0.059164     189080.824190
0.330330     5.503410     0.063625     213018.838959
0.345345     5.522800     0.068435     239538.083467
0.360360     5.543617     0.073654     269014.696782
0.375375     5.565976     0.079355     301914.278334
0.390390     5.590009     0.085630     338820.631943
0.405405     5.615868     0.092597     380476.424896
0.420420     5.643731     0.100405     427841.809441
0.435435     5.673808     0.109255     482180.666211
0.450450     5.706338     0.119415     545190.181368
0.465465     5.741602     0.131250     619199.668587
0.480480     5.779910     0.145277     707481.648159
0.495495     5.821590     0.162233     814745.638211
0.510511     5.866929     0.183200     947923.309770
0.525526     5.916024     0.209780     1117379.601258
0.540541     5.968414     0.244325     1338565.223461
0.555556     6.022227     0.290065     1633300.587717
0.570571     6.072506     0.350431     2026541.945013
0.585586     6.109392     0.425619     2526124.670229
0.600601     6.121522     0.505079     3074600.661148
0.615616     6.111740     0.567534     3541152.789894
0.630631     6.102404     0.604988     3866919.438162
0.645646     6.106972     0.631135     4130093.695039
0.660661     6.123172     0.655544     4389587.261041
0.675676     6.150935     0.681536     4667354.433213
0.690691     6.189632     0.716109     5013099.281044
0.705706     6.233025     0.764336     5467026.686713
0.720721     6.274611     0.826861     6040082.695752
0.735736     6.307260     0.902146     6727323.420342
0.750751     6.325457     0.981395     7467635.573750
0.765766     6.336689     1.055193     8189765.799328
0.780781     6.350740     1.131453     8953835.774418
0.795796     6.356321     1.220904     9847516.898084
0.810811     6.338434     1.309734     10763318.058831
0.825826     6.307935     1.377759     11532013.240273
0.840841     6.286194     1.426615     12158051.777945
0.855856     6.283056     1.471941     12768342.712145
0.870871     6.294955     1.531277     13516087.928581
0.885886     6.304996     1.615528     14505600.132078
0.900901     6.292389     1.717117     15679076.836451
0.915916     6.251914     1.816627     16864169.641964
0.930931     6.190877     1.901245     17939036.222681
0.945946     6.118601     1.965433     18843786.941804
0.960961     6.043390     2.007329     19550944.757423
0.975976     5.975160     2.027602     20056970.248230
0.990991     5.920977     2.034117     20430977.773355
1.006006     5.880186     2.033039     20729543.853932
1.021021     5.853255     2.025595     20961907.613201
1.036036     5.844886     2.014216     21150689.337943
1.051051     5.860140     2.009303     21404876.399991
1.066066     5.890226     2.026199     21893228.269052
1.081081     5.915855     2.062112     22595092.630251
1.096096     5.936874     2.099883     23328528.600454
1.111111     5.970465     2.139980     24099652.858452
1.126126     6.019405     2.205322     25171123.428057
1.141141     6.056833     2.310207     26719830.077952
1.156156     6.055086     2.435504     28539666.339017
1.171171     6.014256     2.549988     30269281.527822
1.186186     5.954363     2.635012     31679550.619847
1.201201     5.900239     2.690640     32757816.637610
1.216216     5.869088     2.732685     33685568.659341
1.231231     5.861648     2.783494     34735491.189050
1.246246     5.864630     2.856466     36080828.854090
1.261261     5.863692     2.954167     37764490.904904
1.276276     5.846358     3.071561     39732634.600310
1.291291     5.808985     3.199746     41877746.545784
1.306306     5.749596     3.337841     44193074.499326
1.321321     5.656075     3.480469     46611135.570942
1.336336     5.522767     3.605749     48837650.907556
1.351351     5.366995     3.692246     50571102.113730
1.366366     5.214819     3.742798     51833089.602857
1.381381     5.072628     3.772739     52821883.777531
1.396396     4.939748     3.782590     53535457.998853
1.411411     4.831920     3.776454     54023328.244275
1.426426     4.754108     3.783379     54698164.796598
1.441441     4.676670     3.824564     55875637.294310
1.456456     4.566576     3.883148     57322486.333101
1.471471     4.421760     3.927812     58579550.562437
1.486486     4.258259     3.943213     59409344.669499
1.501502     4.090445     3.927596     59771761.518316
1.516517     3.926544     3.884240     59703077.923473
1.531532     3.769228     3.814252     59207796.248317
1.546547     3.624503     3.711823     58182683.435065
1.561562     3.511430     3.575362     56587781.224318
1.576577     3.450361     3.423186     54700221.282531
1.591592     3.442845     3.285913     53006753.147830
1.606607     3.469397     3.187268     51900509.731096
1.621622     3.502290     3.131610     51470782.563641
1.636637     3.520907     3.107038     51539755.092963
1.651652     3.517711     3.094509     51802866.375299
1.666667     3.500194     3.078016     51995187.809331
1.681682     3.481728     3.057063     52106482.364378
1.696697     3.462603     3.040221     52282082.224874
1.711712     3.435570     3.024361     52469594.189640
1.726727     3.404945     3.001608     52531666.631128
1.741742     3.377907     2.975079     52520131.177235
1.756757     3.352149     2.950094     52528008.981122
1.771772     3.322857     2.923607     52501327.029506
1.786787     3.293787     2.889090     52321162.289674
1.801802     3.273469     2.849338     52034870.933922
1.816817     3.261032     2.812541     51790905.838863
1.831832     3.251539     2.778623     51589191.661168
1.846847     3.246528     2.746780     51415994.786966
1.861862     3.244059     2.721471     51356406.938213
1.876877     3.237047     2.700076     51363573.617744
1.891892     3.227088     2.674113     51276641.718558
1.906907     3.222867     2.642814     51078671.720437
1.921922     3.228565     2.613887     50917386.706694
1.936937     3.238515     2.595296     50950207.497853
1.951952     3.241297     2.583579     51113346.177466
1.966967     3.238864     2.564422     51124627.038501
1.981982     3.247471     2.538088     50985887.320116
1.996997     3.270190     2.520300     51012103.690252
2.012012     3.296232     2.518159     51351994.948773
2.027027     3.317112     2.529621     51970701.365590
2.042042     3.326422     2.549268     52762290.691049
2.057057     3.324470     2.566659     53512835.500875
2.072072     3.321266     2.578724     54156824.706293
2.087087     3.320746     2.593771     54867568.366899
2.102102     3.316027     2.615920     55734197.778528
2.117117     3.303283     2.641053     56671611.698248
2.132132     3.282006     2.668854     57674316.414195
2.147147     3.244680     2.696121     58673863.788219
2.162162     3.190777     2.707835     59340883.038403
2.177177     3.135614     2.694838     59466169.973123
2.192192     3.094062     2.664309     59197958.563202
2.207207     3.068436     2.627874     58788327.313397
2.222222     3.056686     2.590075     58336901.728202
2.237237     3.060714     2.556032     57959132.461792
2.252252     3.076126     2.536215     57895738.098208
2.267267     3.089154     2.531880     58182104.194074
2.282282     3.094909     2.532567     58583288.743536
2.297297     3.098682     2.535199     59030001.061360
2.312312     3.098538     2.543312     59605951.665152
2.327327     3.087860     2.551277     60180897.672170
2.342342     3.071716     2.546868     60464487.096561
2.357357     3.066539     2.530111     60451704.596152
2.372372     3.079768     2.516667     60513478.212190
2.387387     3.102544     2.519825     60972902.669528
2.402402     3.121644     2.540497     61859717.555214
2.417417     3.129289     2.572234     63023962.441150
2.432432     3.122914     2.607332     64280701.858157
2.447447     3.104724     2.638014     65438587.845896
2.462462     3.081961     2.660850     66410003.268459
2.477477     3.060355     2.679748     67289491.295452
2.492492     3.039014     2.700349     68217743.820382
2.507508     3.012698     2.724538     69243428.703903
2.522523     2.976080     2.748395     70268025.225000
2.537538     2.929288     2.764502     71100537.181662
2.552553     2.877237     2.768671     71629112.088507
2.567568     2.824096     2.760131     71828207.936979
2.582583     2.772628     2.737387     71652923.621080
2.597598     2.729230     2.696954     71004994.486522
2.612613     2.706880     2.640969     69932951.564139
2.627628     2.716676     2.584103     68820407.437275
2.642643     2.755095     2.548842     68269200.459987
2.657658     2.801018     2.547575     68622984.584320
2.672673     2.835227     2.572514     69686248.155274
2.687688     2.852363     2.612089     71155805.297098
2.702703     2.849896     2.658971     72837567.076258
2.717718     2.826932     2.702379     74437909.222872
2.732733     2.791914     2.733197     75702751.339516
2.747748     2.754670     2.752259     76649552.661854
2.762763     2.719371     2.763697     77388706.827483
2.777778     2.688634     2.771638     78032867.329270
2.792793     2.660867     2.783227     78782693.471946
2.807808     2.626598     2.799566     79671245.174911
2.822823     2.582286     2.810769     80417818.525135
2.837838     2.535832     2.811639     80870606.179430
2.852853     2.491799     2.806707     81155869.165405
2.867868     2.447618     2.797441     81313686.988758
2.882883     2.404609     2.780506     81244565.475212
2.897898     2.367421     2.756817     80971948.073462
2.912913     2.337868     2.729775     80593095.590982
2.927928     2.316287     2.702569     80201157.116107
2.942943     2.301124     2.678337     79889672.772573
2.957958     2.289839     2.657624     79676283.710151
2.972973     2.282735     2.640123     79553367.851458
2.987988     2.280172     2.629643     79637780.901705
3.003003     2.276087     2.630105     80052029.417370
3.018018     2.262731     2.637467     80677481.136329
3.033033     2.239405     2.644046     81281123.645541
3.048048     2.209376     2.646456     81757966.270502
3.063063     2.173789     2.643277     82062011.157715
3.078078     2.134195     2.630588     82068389.485200
3.093093     2.097475     2.604798     81660222.558240
3.108108     2.073395     2.570748     80983988.842437
3.123123     2.062345     2.540462     80416528.877714
3.138138     2.055006     2.518316     80098758.709194
3.153153     2.046699     2.499540     79881941.234142
3.168168     2.039326     2.481397     79679768.957219
3.183183     2.034204     2.465229     79535758.205027
3.198198     2.029946     2.452316     79492334.628796
3.213213     2.024846     2.441781     79522444.041335
3.228228     2.019236     2.431383     79553853.364029
3.243243     2.016654     2.421350     79594043.700292
3.258258     2.017418     2.416964     79817702.871719
3.273273     2.016177     2.420083     80289008.807551
3.288288     2.010311     2.428345     80932648.994014
3.303303     1.998300     2.441707     81749590.448702
3.318318     1.974911     2.458140     82673842.420281
3.333333     1.937751     2.468977     83414061.322362
3.348348     1.893164     2.466142     83693605.007105
3.363363     1.850725     2.449062     83486671.567002
3.378378     1.817373     2.422983     82966377.186175
3.393393     1.794762     2.396717     82431743.167377
3.408408     1.776495     2.377185     82121736.087725
3.423423     1.753703     2.362347     81968665.441279
3.438438     1.723795     2.344399     81702696.812842
3.453453     1.690821     2.317196     81107277.678377
3.468468     1.661186     2.279142     80122163.884611
3.483483     1.641006     2.232274     78814268.940051
3.498498     1.634725     2.182304     77382086.952021
3.513514     1.642202     2.137012     76101306.740032
3.528529     1.658222     2.102172     75180543.272584
3.543544     1.675807     2.078202     74639565.722801
3.558559     1.691246     2.061419     74350488.095525
3.573574     1.704946     2.049282     74224637.238789
3.588589     1.716436     2.042065     74273980.671435
3.603604     1.723665     2.037680     74424602.954222
3.618619     1.728729     2.033041     74564579.617980
3.633634     1.734735     2.030128     74766690.646345
3.648649     1.740022     2.032614     75167580.412032
3.663664     1.739673     2.040892     75784267.451110
3.678679     1.729493     2.050074     76437227.433012
3.693694     1.711748     2.052866     76853726.737615
3.708709     1.693970     2.047605     76968394.501182
3.723724     1.680704     2.039533     76975355.287921
3.738739     1.669841     2.034233     77084902.589499
3.753754     1.655952     2.032730     77337282.910001
3.768769     1.634953     2.030720     77569870.476864
3.783784     1.608695     2.022036     77545870.543349
3.798799     1.583015     2.005630     77221936.547968
3.813814     1.559975     1.984791     76721617.546829
3.828829     1.538590     1.959800     76053862.431522
3.843844     1.520695     1.929560     75173984.152375
3.858859     1.508938     1.895044     74117677.768701
3.873874     1.506134     1.858667     72977752.461193
3.888889     1.513314     1.826153     71979069.951035
3.903904     1.526032     1.802650     71327012.850220
3.918919     1.538197     1.788332     71032646.742669
3.933934     1.545600     1.780145     70978346.357501
3.948949     1.547145     1.773209     70971681.230873
3.963964     1.545751     1.764314     70884127.179383
3.978979     1.544292     1.754274     70747753.704364
3.993994     1.542954     1.744974     70638252.852242
4.009009     1.540200     1.737016     70580440.355561
4.024024     1.534941     1.729094     70521681.972567
4.039039     1.527354     1.719927     70409551.752528
4.054054     1.517767     1.707804     70173170.965546
4.069069     1.509406     1.690828     69732932.237064
4.084084     1.506754     1.672370     69226201.229252
4.099099     1.507938     1.658630     68909865.672291
4.114114     1.506761     1.650422     68820046.073571
4.129129     1.499768     1.643599     68785640.381332
4.144144     1.487431     1.633787     68623664.751204
4.159159     1.472300     1.617692     68193796.774714
4.174174     1.459440     1.594055     67439974.986573
4.189189     1.453680     1.566695     66520871.410663
4.204204     1.454359     1.541749     65696329.562657
4.219219     1.456670     1.521400     65060741.209927
4.234234     1.457471     1.503574     64527246.825285
4.249249     1.456246     1.486282     64011324.561644
4.264264     1.452496     1.467533     63427192.952948
4.279279     1.448080     1.444277     62641845.840286
4.294294     1.447355     1.416658     61659563.498731
4.309309     1.452549     1.388340     60638303.599712
4.324324     1.462365     1.363225     59748814.578658
4.339339     1.472571     1.342888     59061825.173890
4.354354     1.479067     1.323777     58422763.174559
4.369369     1.484042     1.299680     57557075.343175
4.384384     1.495200     1.270361     56452000.418750
4.399399     1.516331     1.243260     55436893.227482
4.414414     1.543023     1.225247     54820176.348086
4.429429     1.568268     1.216739     54624644.834991
4.444444     1.588022     1.214210     54695907.057403
4.459459     1.601077     1.213686     54857003.055035
4.474474     1.608180     1.211418     54938863.577316
4.489489     1.612100     1.204935     54828193.800709
4.504505     1.615931     1.194318     54526882.512273
4.519520     1.620974     1.181048     54100760.053674
4.534535     1.627202     1.165407     53561618.081706
4.549550     1.636033     1.146877     52884534.318297
4.564565     1.649796     1.127019     52140357.610731
4.579580     1.668599     1.109071     51478825.194486
4.594595     1.690374     1.094861     50985854.423572
4.609610     1.713256     1.084406     50664033.959821
4.624625     1.736178     1.077410     50501111.636279
4.639640     1.757704     1.073418     50477359.360935
4.654655     1.776883     1.070042     50481450.799093
4.669670     1.796453     1.065035     50407314.355394
4.684685     1.819768     1.061046     50379987.076996
4.699700     1.845208     1.062316     50601964.457484
4.714715     1.868717     1.069246     51094765.249684
4.729730     1.888280     1.079869     51766749.121319
4.744745     1.902758     1.092757     52550863.279293
4.759760     1.910824     1.105065     53310964.424049
4.774775     1.914105     1.112971     53861735.845172
4.789790     1.916121     1.115292     54143798.635788
4.804805     1.919328     1.112511     54178063.760588
4.819820     1.926305     1.105052     53982994.048231
4.834835     1.940507     1.096055     53710316.390824
4.849850     1.960675     1.091627     53659456.029531
4.864865     1.980661     1.092775     53882153.862602
4.879880     1.998284     1.094636     54140513.210616
4.894895     2.017346     1.094470     54298843.210368
4.909910     2.041440     1.094970     54490310.265925
4.924925     2.070005     1.100113     54913648.226518
4.939940     2.100726     1.111689     55660683.542459
4.954955     2.131582     1.130635     56781337.700013
4.969970     2.159581     1.157506     58306999.689184
4.984985     2.181241     1.190272     60138619.230737
5.000000     2.196113     1.224839     62071540.054513
5.015015     2.206989     1.259378     64013521.181138
5.030030     2.215755     1.295594     66051551.228830
5.045045     2.221586     1.335694     68299206.890490
5.060060     2.221936     1.381500     70851654.076318
5.075075     2.211098     1.432662     73693573.264806
5.090090     2.184163     1.482655     76490760.670765
5.105105     2.142660     1.522527     78779491.498346
5.120120     2.093481     1.546657     80263440.326106
5.135135     2.044746     1.554733     80919148.340171
5.150150     2.002566     1.550639     80942010.859401
5.165165     1.969264     1.540031     80622675.406494
5.180180     1.943945     1.527861     80218061.095249
5.195195     1.923125     1.516924     79874677.635455
5.210210     1.903578     1.506093     79533579.117659
5.225225     1.885078     1.492909     79064552.929694
5.240240     1.869830     1.475770     78381447.456282
5.255255     1.861790     1.455897     77547524.912903
5.270270     1.862963     1.438992     76866100.009430
5.285285     1.868962     1.431102     76662441.815395
5.300300     1.872196     1.432113     76934516.183896
5.315315     1.868762     1.436932     77412082.816223
5.330330     1.859156     1.441095     77855682.391021
5.345345     1.844873     1.442040     78126155.132846
5.360360     1.827894     1.437743     78112185.704506
5.375375     1.811191     1.427067     77749341.765220
5.390390     1.798447     1.410907     77083625.798833
5.405405     1.791453     1.392688     76300193.794653
5.420420     1.789364     1.374808     75529824.758086
5.435435     1.791571     1.358941     74864926.799185
5.450450     1.795681     1.346908     74406998.789823
5.465465     1.798173     1.337091     74068165.080585
5.480480     1.799482     1.324772     73587392.849135
5.495495     1.805487     1.308821     72900531.597027
5.510511     1.819812     1.295413     72350864.586003
5.525526     1.838212     1.290794     72289318.132239
5.540541     1.853795     1.294570     72697778.563332
5.555556     1.863639     1.302166     73322526.598639
5.570571     1.868652     1.310200     73974288.782097
5.585586     1.869949     1.317195     74569686.561155
5.600601     1.869077     1.321399     75008752.665166
5.615616     1.869492     1.323038     75303187.319720
5.630631     1.872504     1.325954     75670942.346464
5.645646     1.874743     1.332918     76271173.327841
5.660661     1.872079     1.341885     76988514.283975
5.675676     1.864360     1.348067     77548338.634770
5.690691     1.855645     1.349106     77813417.992508
5.705706     1.849330     1.347156     77905948.954775
5.720721     1.845297     1.345365     78007143.687459
5.735736     1.840964     1.345108     78196939.707708
5.750751     1.833664     1.344119     78344015.752423
5.765766     1.824930     1.338243     78205196.541791
5.780781     1.819811     1.327023     77751465.715034
5.795796     1.821562     1.314378     77210606.538337
5.810811     1.829547     1.305486     76886947.148604
5.825826     1.838789     1.303403     76962575.811421
5.840841     1.844087     1.304982     77254431.644669
5.855856     1.846555     1.304841     77444649.060382
5.870871     1.850750     1.302427     77499595.744184
5.885886     1.858933     1.301164     77622485.614556
5.900901     1.869538     1.304956     78047269.383238
5.915916     1.878309     1.315081     78852981.006541
5.930931     1.881419     1.329211     79902500.679242
5.945946     1.877939     1.343200     80947815.368767
5.960961     1.869770     1.353840     81795043.033785
5.975976     1.860238     1.360207     82386737.005472
5.990991     1.851585     1.364756     82869956.874104
6.006006     1.841279     1.369841     83387224.969294
6.021021     1.826020     1.371836     83717428.188960
6.036036     1.809318     1.364854     83499072.985171
6.051051     1.799251     1.349329     82754592.977958
6.066066     1.800036     1.332099     81900602.312481
6.081081     1.809984     1.319888     81350733.087732
6.096096     1.824449     1.316799     81360751.805443
6.111111     1.837148     1.323397     81969812.933169
6.126126     1.843265     1.336006     82954094.011998
6.141141     1.842088     1.349492     83996849.282276
6.156156     1.835884     1.361081     84925301.659546
6.171171     1.825816     1.370414     85716211.976742
6.186186     1.812098     1.375540     86246160.439286
6.201201     1.798199     1.374434     86385953.856004
6.216216     1.787925     1.369464     86281993.422206
6.231231     1.780975     1.364239     86160446.780434
6.246246     1.775256     1.359352     86058647.677196
6.261261     1.770869     1.353957     85923125.117942
6.276276     1.768506     1.349206     85826966.475409
6.291291     1.766652     1.346476     85858246.551934
6.306306     1.762932     1.344482     85935674.432649
6.321321     1.758263     1.339618     85828636.759714
6.336336     1.757724     1.332101     85549800.610742
6.351351     1.762713     1.328010     85489124.120295
6.366366     1.767971     1.331135     85892905.224469
6.381381     1.768004     1.339404     86630321.797445
6.396396     1.760713     1.348175     87402742.664128
6.411411     1.746991     1.352876     87913441.578367
6.426426     1.730396     1.349822     87920398.107801
6.441441     1.717003     1.338927     87414514.992550
6.456456     1.710342     1.325202     86720093.625765
6.471471     1.708242     1.313179     86133159.453006
6.486486     1.707354     1.302533     85633149.724148
6.501502     1.708213     1.291225     85086203.672345
6.516517     1.712789     1.280846     84597175.412690
6.531532     1.719096     1.273913     84333147.866338
6.546547     1.724615     1.268623     84175985.556484
6.561562     1.731468     1.262751     83978555.832511
6.576577     1.742686     1.259152     83930808.398279
6.591592     1.756015     1.263074     84384463.556249
6.606607     1.764570     1.275413     85402908.749132
6.621622     1.763178     1.290769     86627596.841076
6.636637     1.752585     1.301824     87567661.023832
6.651652     1.738172     1.304532     87948385.541896
6.666667     1.725487     1.299738     87822991.810623
6.681682     1.717279     1.290522     87396631.141825
6.696697     1.714378     1.279997     86878671.605867
6.711712     1.715870     1.271126     86469968.382296
6.726727     1.719564     1.265301     86266273.960655
6.741742     1.723596     1.262733     86283372.556833
6.756757     1.725672     1.263066     86498353.145006
6.771772     1.723825     1.263464     86717897.729260
6.786787     1.719643     1.260066     86676460.028199
6.801802     1.717594     1.251993     86311670.894171
6.816817     1.721052     1.242565     85850780.114020
6.831832     1.729286     1.236226     85600923.789045
6.846847     1.739074     1.234898     85696927.486302
6.861862     1.747463     1.238225     86116210.654389
6.876877     1.752326     1.244516     86743147.735791
6.891892     1.752864     1.251369     87411224.849741
6.906907     1.749436     1.256302     87947017.691825
6.921922     1.744055     1.257065     88191728.067143
6.936937     1.739989     1.253457     88129375.226618
6.951952     1.739436     1.247399     87893304.137268
6.966967     1.742980     1.240806     87617560.019696
6.981982     1.751561     1.235694     87444627.180832
6.996997     1.764290     1.236296     87675385.965210
7.012012     1.776033     1.244747     88464174.464060
7.027027     1.782288     1.258185     89610634.559313
7.042042     1.782670     1.272587     90830067.350943
7.057057     1.778446     1.286360     92008877.012840
7.072072     1.769549     1.298738     93091880.089520
7.087087     1.755806     1.307264     93901978.483654
7.102102     1.739975     1.308797     94211211.623730
7.117117     1.727213     1.303610     94036287.187127
7.132132     1.720630     1.296111     93692575.089457
7.147147     1.718536     1.291379     93547003.081856
7.162162     1.716074     1.290360     93669549.983876
7.177177     1.710963     1.289933     93834921.277950
7.192192     1.704108     1.287765     93873139.078133
7.207207     1.697062     1.282951     93717480.539667
7.222222     1.691334     1.275908     93397181.965656
7.237237     1.687320     1.267255     92956616.385307
7.252252     1.685978     1.257281     92416319.420086
7.267267     1.687891     1.247824     91911077.375732
7.282282     1.691539     1.240281     91544294.966159
7.297297     1.695232     1.233814     91254711.023730
7.312312     1.699682     1.226568     90905456.678183
7.327327     1.707146     1.219467     90564782.351845
7.342342     1.716915     1.214873     90408473.784185
7.357357     1.727606     1.212638     90426654.714286
7.372372     1.739450     1.213160     90650227.986017
7.387387     1.750709     1.217856     91186478.222568
7.402402     1.758456     1.224899     91900191.235003
7.417417     1.763725     1.230528     92509776.785150
7.432432     1.770269     1.234780     93017366.189879
7.447447     1.779051     1.240792     93659130.491436
7.462462     1.788369     1.250403     94574839.304752
7.477477     1.796301     1.264127     95805263.479215
7.492492     1.800669     1.281355     97305931.397510
7.507508     1.800109     1.300440     98953115.834571
7.522523     1.793812     1.319289     100588156.613244
7.537538     1.782372     1.335127     101998906.499291
7.552553     1.768036     1.346184     103048522.272405
7.567568     1.753457     1.352340     103725572.256596
7.582583     1.740462     1.354911     104128907.871406
7.597598     1.729821     1.355197     104357122.233936
7.612613     1.722295     1.354868     104538007.691235
7.627628     1.717071     1.356548     104874068.265074
7.642643     1.711021     1.361199     105440819.504507
7.657658     1.701645     1.366693     106074397.565823
7.672673     1.689129     1.370058     106544045.484564
7.687688     1.675524     1.369672     106722492.550694
7.702703     1.662945     1.365733     106623365.873505
7.717718     1.652692     1.359238     106323140.990592
7.732733     1.645347     1.351493     105923041.134629
7.747748     1.640799     1.343469     105498573.848370
7.762763     1.639327     1.335938     105110505.595487
7.777778     1.640535     1.330797     104908578.773575
7.792793     1.642103     1.328492     104929012.343307
7.807808     1.643816     1.327569     105058181.210314
7.822823     1.646341     1.329417     105406731.722456
7.837838     1.646742     1.335078     106058722.715813
7.852853     1.642978     1.341771     106794656.360990
7.867868     1.635893     1.347217     107433129.502455
7.882883     1.626739     1.350161     107873341.686503
7.897898     1.617468     1.350451     108102064.371378
7.912913     1.608755     1.349388     108222307.955154
7.927928     1.600088     1.347035     108238619.251222
7.942943     1.592199     1.343019     108120293.010622
7.957958     1.585708     1.338075     107925883.265249
7.972973     1.580552     1.332887     107710240.534071
7.987988     1.576128     1.328032     107520069.680909
8.003003     1.571369     1.322560     107278278.214282
8.018018     1.568022     1.314542     106828014.166969
8.033033     1.569468     1.305924     106326404.501949
8.048048     1.575077     1.301396     106155721.454201
8.063063     1.580172     1.302649     106456246.126253
8.078078     1.581313     1.306680     106984508.025568
8.093093     1.579108     1.310013     107456754.197860
8.108108     1.575597     1.311500     107778311.556451
8.123123     1.572268     1.311306     107961925.082613
8.138138     1.570373     1.310006     108054230.860307
8.153153     1.570763     1.309213     108188107.413998
8.168168     1.572720     1.310743     108514018.061877
8.183183     1.574815     1.315362     109096590.185229
8.198198     1.575732     1.323387     109963524.618949
8.213213     1.573543     1.334902     111123539.730066
8.228228     1.565808     1.348500     112460688.795171
8.243243     1.551049     1.360928     113704244.351666
8.258258     1.530425     1.367866     114492114.283981
8.273273     1.508216     1.367071     114633640.220950
8.288288     1.488189     1.359799     114230803.331185
8.303303     1.472181     1.348052     113449116.188404
8.318318     1.461313     1.333963     112466397.142345
8.333333     1.455839     1.319976     111488058.495524
8.348348     1.454863     1.308657     110731192.079329
8.363363     1.455977     1.301721     110342428.137846
8.378378     1.456342     1.299122     110319783.402688
8.393393     1.453763     1.299232     110526866.758937
8.408408     1.447605     1.299670     110761920.498279
8.423423     1.438456     1.298512     110860836.174057
8.438438     1.427549     1.294222     110691517.053046
8.453453     1.417213     1.286071     110190154.208728
8.468468     1.409684     1.275490     109477650.673840
8.483483     1.405060     1.264490     108725895.309449
8.498498     1.403034     1.253820     107999260.090434
8.513514     1.403678     1.244823     107413741.358133
8.528529     1.405508     1.239009     107100615.613548
8.543544     1.406421     1.236319     107056232.615478
8.558559     1.404838     1.235621     107183855.249209
8.573574     1.399998     1.234787     107299418.066929
8.588589     1.393424     1.231695     107218220.740243
8.603604     1.387221     1.226990     106995402.197216
8.618619     1.381108     1.221841     106732308.949131
8.633634     1.374784     1.215776     106387564.641398
8.648649     1.369003     1.208876     105967673.275703
8.663664     1.363582     1.202017     105549350.337102
8.678679     1.357546     1.195039     105118551.446078
8.693694     1.350689     1.186886     104581968.291591
8.708709     1.343725     1.176583     103853157.034706
8.723724     1.338264     1.163724     102895269.293609
8.738739     1.336236     1.149794     101838573.964658
8.753754     1.336996     1.137723     100942570.957984
8.768769     1.337623     1.127700     100224948.894293
8.783784     1.337651     1.117363     99476282.919308
8.798799     1.339126     1.106315     98661030.370812
8.813814     1.342613     1.096680     97968669.525594
8.828829     1.346085     1.089571     97499482.591702
8.843844     1.348020     1.083670     97136293.456480
8.858859     1.348784     1.077765     96771039.096958
8.873874     1.348679     1.071888     96406442.503556
8.888889     1.347001     1.065682     96010492.332233
8.903904     1.343720     1.057412     95426309.051348
8.918919     1.340787     1.045800     94537518.929890
8.933934     1.340440     1.031694     93419405.454039
8.948949     1.343368     1.016976     92241497.316736
8.963964     1.349136     1.002825     91110603.886705
8.978979     1.357612     0.989947     90091229.125133
8.993994     1.368369     0.979716     89309224.068383
9.009009     1.379558     0.972944     88839977.250458
9.024024     1.389672     0.968632     88593670.964305
9.039039     1.398745     0.965951     88495443.676284
9.054054     1.406242     0.965186     88572200.398901
9.069069     1.410346     0.965050     88706578.684068
9.084084     1.411926     0.962023     88574768.003838
9.099099     1.415348     0.955762     88143773.362424
9.114114     1.422427     0.950419     87795631.320810
9.129129     1.430058     0.949297     87836504.377887
9.144144     1.433829     0.951040     88142457.499090
9.159159     1.432914     0.951327     88313869.010959
9.174174     1.429919     0.947668     88118463.034618
9.189189     1.427297     0.940283     87574862.419142
9.204204     1.426011     0.929870     86746506.431091
9.219219     1.427148     0.916476     85636476.475781
9.234234     1.432369     0.901158     84342266.166349
9.249249     1.442330     0.885777     83037491.947458
9.264264     1.457205     0.872254     81902563.748674
9.279279     1.475950     0.863234     81186983.356883
9.294294     1.495393     0.859990     81012706.869008
9.309309     1.512755     0.861056     81244208.190545
9.324324     1.527456     0.864214     81673695.344859
9.339339     1.540047     0.868233     82185686.743034
9.354354     1.551189     0.872642     82735792.899772
9.369369     1.561167     0.877689     83347862.606364
9.384384     1.569251     0.883136     83999491.650070
9.399399     1.575519     0.887392     84539363.721896
9.414414     1.581851     0.889571     84882389.475100
9.429429     1.590253     0.890734     85128857.350640
9.444444     1.601522     0.893369     85516721.424517
9.459459     1.613830     0.900511     86337360.138707
9.474474     1.622580     0.912030     87580540.941621
9.489489     1.626067     0.923311     88804365.234604
9.504505     1.627549     0.931799     89762525.789133
9.519520     1.629047     0.939289     90627048.710560
9.534535     1.629205     0.946632     91479622.839868
9.549550     1.627765     0.952000     92143181.447457
9.564565     1.626849     0.954691     92548944.931893
9.579580     1.627925     0.956044     92825602.093271
9.594595     1.631345     0.957547     93117255.121370
9.609610     1.636737     0.961043     93603470.149458
9.624625     1.642060     0.967747     94403751.027681
9.639640     1.645252     0.976845     95439862.214423
9.654655     1.645543     0.986960     96578318.434690
9.669670     1.642494     0.996767     97689742.514564
9.684685     1.636447     1.004316     98582443.494842
9.699700     1.629370     1.008232     99120245.146044
9.714715     1.623751     1.009197     99368667.948879
9.729730     1.620198     1.009503     99552438.943887
9.744745     1.617517     1.009976     99752742.378778
9.759760     1.615810     1.010434     99951792.968976
9.774775     1.615108     1.012408     100301162.400039
9.789790     1.612734     1.016846     100895531.532676
9.804805     1.606198     1.020886     101451752.009493
9.819820     1.597181     1.020883     101606899.052521
9.834835     1.589008     1.016321     101307488.814571
9.849850     1.584194     1.008488     100680138.334125
9.864865     1.584163     1.000376     100022527.816202
9.879880     1.587236     0.995223     99658810.755647
9.894895     1.590123     0.993419     99629292.005406
9.909910     1.591021     0.993021     99740497.052429
9.924925     1.590170     0.992185     99807510.328938
9.939940     1.588340     0.989972     99735624.477006
9.954955     1.586822     0.985807     99465990.631720
9.969970     1.586950     0.980710     99100991.441640
9.984985     1.588198     0.975826     98755961.647616
10.000000     1.590157     0.971016     98416996.817205
10.015015     1.592806     0.966494     98105718.148090
10.030030     1.595686     0.962165     97812680.719787
10.045045     1.599021     0.957577     97492058.796373
10.060060     1.603078     0.953113     97182585.221454
10.075075     1.607255     0.948685     96875512.288622
10.090090     1.611877     0.943230     96462030.692239
10.105105     1.618571     0.936685     95935138.176239
10.120120     1.628412     0.930656     95459366.934142
10.135135     1.640819     0.927026     95228065.217295
10.150150     1.654119     0.926540     95319192.175778
10.165165     1.667157     0.928439     95655829.498976
10.180180     1.680200     0.932207     96185892.685412
10.195195     1.693293     0.938458     96973673.588465
10.210210     1.705590     0.947805     98083790.364874
10.225225     1.715687     0.960334     99526531.744148
10.240240     1.721880     0.975104     101205616.644679
10.255255     1.723209     0.989787     102880222.315750
10.270270     1.720747     1.001404     104240083.789105
10.285285     1.718327     1.008790     105162483.413913
10.300300     1.718926     1.015379     106003861.518677
10.315315     1.720127     1.025064     107170919.620529
10.330330     1.717831     1.036717     108547036.571089
10.345345     1.711666     1.046882     109770615.727956
10.360360     1.703277     1.054029     110680461.644220
10.375375     1.694094     1.057268     111181436.285088
10.390390     1.686876     1.056528     111264495.220213
10.405405     1.683557     1.054668     111229016.773845
10.420420     1.682600     1.054578     111380065.951819
10.435435     1.681369     1.056079     111699316.342317
10.450450     1.679586     1.057313     111990700.849438
10.465465     1.678553     1.058141     112239467.937024
10.480480     1.678536     1.059518     112546773.954363
10.495495     1.679271     1.062371     113011467.173735
10.510511     1.679380     1.067607     113731018.742441
10.525526     1.677058     1.074503     114629127.917201
10.540541     1.671594     1.081723     115563991.900627
10.555556     1.662327     1.087919     116391486.688748
10.570571     1.649241     1.090426     116825606.787016
10.585586     1.634945     1.086662     116587693.426469
10.600601     1.623392     1.076787     115692146.965352
10.615616     1.617126     1.063323     114407302.768469
10.630631     1.616804     1.049226     113050274.995886
10.645646     1.621563     1.037350     111928512.241036
10.660661     1.628863     1.029153     111200751.324122
10.675676     1.636799     1.023728     110770368.828294
10.690691     1.645672     1.020235     110547645.143635
10.705706     1.655862     1.020183     110697252.105594
10.720721     1.664323     1.025352     111414183.431684
10.735736     1.666952     1.032755     112375748.707760
10.750751     1.664830     1.036966     112991744.106894
10.765766     1.662798     1.036756     113126626.624996
10.780781     1.663316     1.035170     113111173.204151
10.795796     1.665103     1.034634     113210042.941585
10.810811     1.666210     1.034997     113407312.696222
10.825826     1.666145     1.034598     113520954.054095
10.840841     1.666290     1.032516     113449700.466596
10.855856     1.667737     1.029498     113274745.583118
10.870871     1.670497     1.026346     113084097.982229
10.885886     1.674375     1.023310     112905330.737765
10.900901     1.679618     1.020511     112751838.531256
10.915916     1.686501     1.018884     112727103.702347
10.930931     1.693957     1.019438     112943566.770213
10.945946     1.700697     1.021616     113340346.907382
10.960961     1.706780     1.024552     113821949.855245
10.975976     1.712585     1.028369     114402516.274764
10.990991     1.717648     1.033583     115139832.615329
11.006006     1.720918     1.039966     116009217.787983
11.021021     1.721551     1.046411     116887426.005104
11.036036     1.719762     1.051153     117577051.303703
11.051051     1.716891     1.053146     117960220.393466
11.066066     1.714449     1.052079     118000805.108075
11.081081     1.714115     1.048673     117778378.159753
11.096096     1.716291     1.044375     117454679.633652
11.111111     1.721001     1.039662     117082864.950143
11.126126     1.729010     1.035575     116780177.485519
11.141141     1.739806     1.034173     116779458.286586
11.156156     1.751416     1.036286     117175764.733980
11.171171     1.762505     1.041355     117907400.635072
11.186186     1.772413     1.049043     118937556.824619
11.201201     1.779940     1.058900     120216197.664447
11.216216     1.784264     1.069107     121537666.247521
11.231231     1.786494     1.077836     122694116.548665
11.246246     1.788396     1.085017     123676643.673984
11.261261     1.790699     1.091550     124587458.541608
11.276276     1.793413     1.098077     125499471.783665
11.291291     1.796438     1.105020     126461227.345984
11.306306     1.799597     1.112996     127543389.590945
11.321321     1.801683     1.122713     128827755.003376
11.336336     1.800679     1.133003     130180900.046377
11.351351     1.796715     1.140696     131238469.884498
11.366366     1.793110     1.144170     131812215.013865
11.381381     1.793026     1.145444     132133321.806226
11.396396     1.796709     1.147957     132597959.711087
11.411411     1.802107     1.153982     133469457.538734
11.426426     1.806415     1.163837     134786362.312742
11.441441     1.807378     1.176169     136393617.810140
11.456456     1.803686     1.188461     137999886.658021
11.471471     1.796295     1.197200     139196832.306460
11.486486     1.789172     1.201087     139831515.750113
11.501502     1.784951     1.203011     140238634.668170
11.516517     1.781900     1.205283     140686938.192384
11.531532     1.778888     1.206153     140972038.174144
11.546547     1.778727     1.205032     141024403.220420
11.561562     1.782772     1.205524     141265473.172914
11.576577     1.788043     1.210328     142012514.261082
11.591592     1.791220     1.218389     143143763.717458
11.606607     1.791298     1.227147     144359521.102048
11.621622     1.789097     1.234545     145417704.136207
11.636637     1.786384     1.239651     146207810.316735
11.651652     1.785090     1.243053     146798160.976447
11.666667     1.785831     1.246697     147418256.952678
11.681682     1.787303     1.251679     148197891.199889
11.696697     1.788867     1.257255     149049326.604556
11.711712     1.791454     1.263619     149996170.220291
11.726727     1.794645     1.272563     151251534.100449
11.741742     1.795980     1.284569     152873995.838491
11.756757     1.793577     1.297534     154614321.424530
11.771772     1.788268     1.308895     156167360.957349
11.786787     1.782028     1.318317     157492156.341948
11.801802     1.775423     1.326541     158676496.543888
11.816817     1.768567     1.333554     159718227.489297
11.831832     1.762179     1.339562     160641745.796808
11.846847     1.756412     1.345707     161583456.273196
11.861862     1.750049     1.352740     162633783.079200
11.876877     1.741448     1.359881     163699285.510005
11.891892     1.730076     1.364658     164481940.846949
11.906907     1.718192     1.364529     164674041.946646
11.921922     1.709900     1.359882     164320175.711205
11.936937     1.707455     1.354627     163891342.070295
11.951952     1.709031     1.352568     163848095.172766
11.966967     1.711332     1.354370     164272510.173379
11.981982     1.712608     1.358409     164969102.202859
11.996997     1.713433     1.363594     165806371.223447
12.012012     1.713830     1.370921     166905872.376961
12.027027     1.711773     1.380400     168270081.730422
12.042042     1.706146     1.389862     169634928.906751
12.057057     1.697909     1.397245     170748745.461154
12.072072     1.688824     1.401945     171536358.937748
12.087087     1.680005     1.404531     172066523.399242
12.102102     1.671643     1.405204     172362904.844302
12.117117     1.664757     1.403636     172384110.958528
12.132132     1.661052     1.400942     172266458.902552
12.147147     1.660737     1.399791     172338023.307658
12.162162     1.661493     1.402151     172841973.213484
12.177177     1.660394     1.407200     173678527.340994
12.192192     1.656468     1.412307     174523735.089779
12.207207     1.651193     1.415153     175090824.642416
12.222222     1.647426     1.415794     175385570.884413
12.237237     1.646453     1.416716     175715388.586236
12.252252     1.646928     1.420193     176362745.536783
12.267267     1.646278     1.426278     177335383.946634
12.282282     1.643498     1.432893     178375927.388856
12.297297     1.639703     1.438910     179343973.287173
12.312312     1.635560     1.444430     180251814.968256
12.327327     1.631883     1.449533     181109175.256462
12.342342     1.629228     1.455729     182104954.806449
12.357357     1.626080     1.464411     183413866.878281
12.372372     1.620356     1.475229     184993238.603987
12.387387     1.610489     1.486461     186628003.302413
12.402402     1.596362     1.495271     187961699.496430
12.417417     1.580256     1.499205     188684375.219628
12.432432     1.565734     1.498378     188808315.121090
12.447447     1.555038     1.495438     188665328.601334
12.462462     1.547622     1.493813     188687719.134366
12.477477     1.540388     1.494759     189034658.907530
12.492492     1.531423     1.496390     189468678.863362
12.507508     1.521456     1.497178     189796299.434729
12.522523     1.511260     1.497354     190046458.021389
12.537538     1.500445     1.497314     190269262.919738
12.552553     1.488310     1.496407     190381754.781673
12.567568     1.475321     1.493406     190227272.195948
12.582583     1.462707     1.488264     189798785.508523
12.597598     1.450691     1.481660     189181944.614092
12.612613     1.438838     1.473441     188356793.115075
12.627628     1.427493     1.462558     187188224.078874
12.642643     1.418434     1.448689     185633643.228005
12.657658     1.413016     1.433293     183878912.631162
12.672673     1.411021     1.417939     182124843.546345
12.687688     1.411673     1.403273     180454688.183705
12.702703     1.414451     1.389148     178849733.392814
12.717718     1.419859     1.375236     177267783.244042
12.732733     1.428910     1.362527     175837057.608876
12.747748     1.441290     1.352883     174798317.918707
12.762763     1.455724     1.347559     174315443.087770
12.777778     1.470199     1.347466     174508501.533641
12.792793     1.481729     1.351650     175256081.871171
12.807808     1.489289     1.356755     176124540.235037
12.822823     1.495123     1.360403     176805094.746546
12.837838     1.501737     1.363568     177423891.990263
12.852853     1.508884     1.368068     178217700.772417
12.867868     1.515717     1.373921     179189251.151797
12.882883     1.522451     1.381232     180352879.749744
12.897898     1.528549     1.391069     181849049.116521
12.912913     1.531982     1.403513     183689385.689484
12.927928     1.531293     1.416425     185594881.888227
12.942943     1.527673     1.427451     187256934.047304
12.957958     1.523048     1.436621     188678477.563159
12.972973     1.517889     1.444713     189961080.861168
12.987988     1.512173     1.452111     191154746.219898
13.003003     1.505546     1.459025     192286938.024020
13.018018     1.497363     1.465019     193299948.693801
13.033033     1.487587     1.468682     194006681.774565
13.048048     1.477860     1.468697     194232167.747125
13.063063     1.470620     1.465754     194066100.418853
13.078078     1.466682     1.462095     193804123.357948
13.093093     1.465159     1.459275     193652477.346358
13.108108     1.464938     1.457518     193641039.335557
13.123123     1.465902     1.456333     193705227.352037
13.138138     1.468941     1.456328     193926215.719230
13.153153     1.473520     1.459669     194593243.571703
13.168168     1.476784     1.467325     195837162.242010
13.183183     1.475670     1.477505     197420788.011041
13.198198     1.469518     1.485944     198774529.230100
13.213213     1.462189     1.489626     199493750.997326
13.228228     1.457809     1.490966     199900060.876882
13.243243     1.455346     1.494073     200544061.255925
13.258258     1.450859     1.498660     201387780.860642
13.273273     1.444149     1.500530     201867409.800062
13.288288     1.439644     1.498468     201818031.886007
13.303303     1.440216     1.496155     201734279.651276
13.318318     1.444316     1.497838     202189165.343793
13.333333     1.447778     1.504797     203357449.973883
13.348348     1.447112     1.514637     204917763.301111
13.363363     1.442178     1.523242     206313792.475983
13.378378     1.436118     1.528424     207248278.127599
13.393393     1.431985     1.531480     207895656.892823
13.408408     1.430255     1.535110     208622118.859053
13.423423     1.429420     1.540726     209619763.054281
13.438438     1.428271     1.548088     210857011.252349
13.453453     1.426617     1.556814     212282407.728523
13.468468     1.424640     1.567356     213958383.618617
13.483483     1.421193     1.581178     216085926.626853
13.498498     1.412823     1.597904     218614922.300626
13.513514     1.397460     1.613334     220971475.638759
13.528529     1.377711     1.622988     222540620.641756
13.543544     1.358469     1.626638     223288675.119627
13.558559     1.341832     1.627491     223653510.004702
13.573574     1.326699     1.627502     223902622.953433
13.588589     1.312374     1.626606     224026872.176012
13.603604     1.298982     1.625016     224055208.242694
13.618619     1.286201     1.623214     224053776.022400
13.633634     1.273404     1.621133     224013347.334576
13.648649     1.260388     1.618224     223857611.367057
13.663664     1.247391     1.614075     223529281.151573
13.678679     1.234810     1.608356     222981960.238413
13.693694     1.223337     1.601036     222210802.923804
13.708709     1.213578     1.592335     221245587.806004
13.723724     1.206490     1.582839     220166977.955866
13.738739     1.202508     1.574379     219229801.948213
13.753754     1.200080     1.568843     218697653.083990
13.768769     1.196478     1.565919     218528357.041631
13.783784     1.190751     1.563165     218382007.345036
13.798799     1.184277     1.559090     218049914.823466
13.813814     1.178255     1.553917     217562906.138790
13.828829     1.173251     1.548013     216971864.753763
13.843844     1.169836     1.542242     216397750.276519
13.858859     1.167247     1.537806     216009352.062630
13.873874     1.164133     1.534135     215727224.670760
13.888889     1.161079     1.529974     215374837.605953
13.903904     1.159468     1.526032     215052260.168889
13.918919     1.158843     1.524175     215022536.276996
13.933934     1.156959     1.524886     215354799.437533
13.948949     1.152122     1.526237     215777950.649340
13.963964     1.145190     1.525864     215957364.794547
13.978979     1.138216     1.523397     215840037.978593
13.993994     1.132340     1.519905     215576559.300600
14.009009     1.127480     1.516708     215353980.137570
14.024024     1.122480     1.514233     215233059.431367
14.039039     1.116989     1.511567     215084151.055004
14.054054     1.111807     1.508865     214929193.324012
14.069069     1.106241     1.507107     214908180.228671
14.084084     1.098915     1.505560     214916768.855169
14.099099     1.089900     1.502767     214746748.428546
14.114114     1.079927     1.497931     214283674.441823
14.129129     1.070027     1.490515     213449625.081488
14.144144     1.061597     1.480957     212306242.180767
14.159159     1.054872     1.470530     211035148.002975
14.174174     1.049149     1.459517     209676782.601056
14.189189     1.044387     1.447271     208137736.850485
14.204204     1.041735     1.433312     206348453.335408
14.219219     1.042987     1.418891     204488181.854277
14.234234     1.047945     1.406857     202967989.821880
14.249249     1.054194     1.398757     202012246.673537
14.264264     1.059025     1.394099     201551759.707418
14.279279     1.060673     1.390412     201230204.101530
14.294294     1.060237     1.384595     200599120.357851
14.309309     1.060695     1.376142     199583828.579600
14.324324     1.063495     1.366770     198432590.135772
14.339339     1.068420     1.357740     197328291.545743
14.354354     1.075213     1.349558     196344453.085281
14.369369     1.083829     1.342845     195572173.948551
14.384384     1.093651     1.338492     195141960.014913
14.399399     1.103516     1.336537     195060307.156816
14.414414     1.113053     1.336428     195247805.815204
14.429429     1.122309     1.338243     195716655.594637
14.444444     1.130686     1.342543     196549718.801785
14.459459     1.136518     1.349090     197713564.620730
14.474474     1.138924     1.355829     198907604.727520
14.489489     1.139076     1.361155     199895984.516635
14.504505     1.138125     1.364929     200657932.199776
14.519520     1.136740     1.367139     201190952.254136
14.534535     1.135724     1.367990     201524358.408792
14.549550     1.135588     1.368263     201772749.893178
14.564565     1.135893     1.368751     202053011.584277
14.579580     1.135977     1.369136     202318202.781009
14.594595     1.136172     1.368915     202493908.384405
14.609610     1.136857     1.368204     202597035.143161
14.624625     1.138356     1.367044     202633297.074744
14.639640     1.141177     1.365998     202686040.684492
14.654655     1.144887     1.365961     202888526.649202
14.669670     1.148551     1.366583     203188899.613436
14.684685     1.152826     1.366787     203427215.026902
14.699700     1.159628     1.367434     203731620.640494
14.714715     1.168891     1.371674     204571980.098331
14.729730     1.177134     1.381298     206217627.585671
14.744745     1.180921     1.394276     208367261.463697
14.759760     1.179859     1.407209     210514157.775355
14.774775     1.175585     1.418162     212368628.872863
14.789790     1.169733     1.426803     213879675.941256
14.804805     1.163363     1.433455     215094919.442449
14.819820     1.157024     1.438726     216104884.344426
14.834835     1.150574     1.443192     216995307.563909
14.849850     1.143500     1.446537     217718459.112703
14.864865     1.136381     1.447759     218122598.197096
14.879880     1.130881     1.447006     218229373.881778
14.894895     1.127817     1.445887     218280621.049618
14.909910     1.126579     1.445760     218481566.676488
14.924925     1.126300     1.447180     218916386.369725
14.939940     1.126027     1.450394     219623313.890930
14.954955     1.124735     1.454926     220530905.604973
14.969970     1.122224     1.459815     221494172.001449
14.984985     1.118901     1.464607     222444102.800975
15.000000     1.115109     1.469313     223382403.182970

