#   omega [eV]     refractive_index      extinction_coeff       alpha[1/m]
0.000000     4.033568     0.000000     0.000000
0.015015     4.033598     0.000200     30.406087
0.030030     4.033688     0.000400     121.635217
0.045045     4.033838     0.000600     273.719999
0.060060     4.034048     0.000800     486.714838
0.075075     4.034318     0.001000     760.695834
0.090090     4.034648     0.001200     1095.761105
0.105105     4.035038     0.001401     1492.030512
0.120120     4.035489     0.001601     1949.646281
0.135135     4.035999     0.001802     2468.772652
0.150150     4.036570     0.002004     3049.596199
0.165165     4.037202     0.002206     3692.325542
0.180180     4.037894     0.002408     4397.192864
0.195195     4.038647     0.002610     5164.452521
0.210210     4.039461     0.002814     5994.381663
0.225225     4.040336     0.003017     6887.281736
0.240240     4.041272     0.003221     7843.476626
0.255255     4.042269     0.003426     8863.314696
0.270270     4.043328     0.003631     9947.168209
0.285285     4.044449     0.003837     11095.433845
0.300300     4.045631     0.004044     12308.533310
0.315315     4.046876     0.004251     13586.913262
0.330330     4.048183     0.004460     14931.045947
0.345345     4.049553     0.004669     16341.429061
0.360360     4.050985     0.004879     17818.587759
0.375375     4.052481     0.005089     19363.072867
0.390390     4.054040     0.005301     20975.463398
0.405405     4.055663     0.005514     22656.366084
0.420420     4.057350     0.005728     24406.415192
0.435435     4.059101     0.005943     26226.275465
0.450450     4.060916     0.006158     28116.640011
0.465465     4.062797     0.006376     30078.232243
0.480480     4.064743     0.006594     32111.807558
0.495495     4.066755     0.006814     34218.151506
0.510511     4.068832     0.007034     36398.082666
0.525526     4.070977     0.007257     38652.452322
0.540541     4.073188     0.007480     40982.147408
0.555556     4.075466     0.007705     43388.086154
0.570571     4.077812     0.007932     45871.226063
0.585586     4.080227     0.008160     48432.559185
0.600601     4.082710     0.008390     51073.114695
0.615616     4.085262     0.008621     53793.962551
0.630631     4.087884     0.008855     56596.209737
0.645646     4.090577     0.009090     59481.007041
0.660661     4.093340     0.009326     62449.543586
0.675676     4.096174     0.009565     65503.054687
0.690691     4.099080     0.009805     68642.818696
0.705706     4.102059     0.010048     71870.160258
0.720721     4.105111     0.010293     75186.450313
0.735736     4.108236     0.010539     78593.110482
0.750751     4.111436     0.010788     82091.611393
0.765766     4.114711     0.011040     85683.474418
0.780781     4.118062     0.011293     89370.276366
0.795796     4.121489     0.011549     93153.649682
0.810811     4.124993     0.011808     97035.281501
0.825826     4.128575     0.012069     101016.921574
0.840841     4.132236     0.012332     105100.377502
0.855856     4.135976     0.012599     109287.522909
0.870871     4.139797     0.012868     113580.295665
0.885886     4.143698     0.013140     117980.702227
0.900901     4.147682     0.013415     122490.818971
0.915916     4.151749     0.013693     127112.794562
0.930931     4.155900     0.013974     131848.856937
0.945946     4.160135     0.014258     136701.309214
0.960961     4.164456     0.014546     141672.536716
0.975976     4.168864     0.014837     146765.010904
0.990991     4.173359     0.015131     151981.289813
1.006006     4.177944     0.015429     157324.025658
1.021021     4.182619     0.015731     162795.962972
1.036036     4.187384     0.016037     168399.947640
1.051051     4.192242     0.016347     174138.927569
1.066066     4.197193     0.016660     180015.959599
1.081081     4.202239     0.016978     186034.210217
1.096096     4.207381     0.017300     192196.965283
1.111111     4.212621     0.017627     198507.632279
1.126126     4.217958     0.017958     204969.745099
1.141141     4.223396     0.018294     211586.968967
1.156156     4.228935     0.018635     218363.110930
1.171171     4.234578     0.018980     225302.121016
1.186186     4.240324     0.019331     232408.100242
1.201201     4.246177     0.019687     239685.308856
1.216216     4.252137     0.020049     247138.173363
1.231231     4.258206     0.020416     254771.295122
1.246246     4.264386     0.020789     262589.453240
1.261261     4.270679     0.021168     270597.620733
1.276276     4.277086     0.021553     278800.970764
1.291291     4.283610     0.021944     287204.885875
1.306306     4.290252     0.022342     295814.968958
1.321321     4.297015     0.022747     304637.052831
1.336336     4.303899     0.023159     313677.214685
1.351351     4.310909     0.023578     322941.790866
1.366366     4.318045     0.024005     332437.380779
1.381381     4.325310     0.024439     342170.873142
1.396396     4.332706     0.024881     352149.453528
1.411411     4.340236     0.025332     362380.621647
1.426426     4.347902     0.025791     372872.210564
1.441441     4.355707     0.026259     383632.406333
1.456456     4.363654     0.026736     394669.762836
1.471471     4.371745     0.027222     405993.228653
1.486486     4.379983     0.027718     417612.165880
1.501502     4.388371     0.028225     429536.376325
1.516517     4.396912     0.028742     441776.131910
1.531532     4.405610     0.029269     454342.190909
1.546547     4.414468     0.029808     467245.841238
1.561562     4.423488     0.030359     480498.924756
1.576577     4.432675     0.030922     494113.879314
1.591592     4.442033     0.031498     508103.770576
1.606607     4.451565     0.032086     522482.333217
1.621622     4.461275     0.032688     537264.021742
1.636637     4.471168     0.033305     552464.047235
1.651652     4.481247     0.033936     568098.445842
1.666667     4.491517     0.034583     584184.114640
1.681682     4.501983     0.035245     600738.890677
1.696697     4.512650     0.035924     617781.608414
1.711712     4.523522     0.036621     635332.172679
1.726727     4.534606     0.037335     653411.639989
1.741742     4.545906     0.038069     672042.308177
1.756757     4.557428     0.038822     691247.802912
1.771772     4.569179     0.039596     711053.182146
1.786787     4.581164     0.040391     731485.060992
1.801802     4.593390     0.041210     752571.719652
1.816817     4.605864     0.042051     774343.255345
1.831832     4.618593     0.042918     796831.727209
1.846847     4.631585     0.043810     820071.319715
1.861862     4.644847     0.044730     844098.536887
1.876877     4.658389     0.045679     868952.399299
1.891892     4.672218     0.046658     894674.677981
1.906907     4.686344     0.047669     921310.147406
1.921922     4.700776     0.048713     948906.863253
1.936937     4.715526     0.049793     977516.487865
1.951952     4.730602     0.050910     1007194.640623
1.966967     4.746018     0.052066     1038001.300127
1.981982     4.761784     0.053265     1070001.251698
1.996997     4.777914     0.054508     1103264.601247
2.012012     4.794421     0.055798     1137867.342415
2.027027     4.811320     0.057138     1173892.027392
2.042042     4.828625     0.058531     1211428.500887
2.057057     4.846353     0.059982     1250574.762201
2.072072     4.864521     0.061493     1291437.946308
2.087087     4.883147     0.063069     1334135.459252
2.102102     4.902251     0.064715     1378796.283459
2.117117     4.921855     0.066435     1425562.507346
2.132132     4.941981     0.068236     1474591.089421
2.147147     4.962652     0.070124     1526055.958021
2.162162     4.983897     0.072105     1580150.453293
2.177177     5.005742     0.074188     1637090.242884
2.192192     5.028218     0.076382     1697116.783249
2.207207     5.051359     0.078695     1760501.476330
2.222222     5.075201     0.081141     1827550.684968
2.237237     5.099783     0.083730     1898611.820698
2.252252     5.125149     0.086478     1974080.807747
2.267267     5.151346     0.089401     2054411.298679
2.282282     5.178425     0.092518     2140126.149007
2.297297     5.206446     0.095852     2231831.866636
2.312312     5.235471     0.099428     2330236.976086
2.327327     5.265572     0.103278     2436175.653516
2.342342     5.296829     0.107437     2550638.525576
2.357357     5.329331     0.111950     2674813.357697
2.372372     5.363179     0.116870     2810139.677954
2.387387     5.398489     0.122261     2958383.275227
2.402402     5.435391     0.128206     3121739.755249
2.417417     5.474035     0.134807     3302981.275676
2.432432     5.514591     0.142196     3505668.840436
2.447447     5.557258     0.150547     3734466.017199
2.462462     5.602257     0.160092     3995611.713152
2.477477     5.649837     0.171150     4297643.128814
2.492492     5.700259     0.184166     4652501.818811
2.507508     5.753758     0.199772     5077166.283213
2.522523     5.810442     0.218866     5595738.709321
2.537538     5.870066     0.242651     6240759.293077
2.552553     5.931622     0.272455     7048765.474701
2.567568     5.993037     0.308945     8039813.200521
2.582583     6.052029     0.350888     9184729.899139
2.597598     6.108378     0.395547     10413895.769698
2.612613     6.164400     0.441647     11694820.974462
2.627628     6.221901     0.490588     13065451.766576
2.642643     6.280774     0.543853     14566786.906426
2.657658     6.341199     0.601775     16209759.751403
2.672673     6.404898     0.666013     18041479.460662
2.687688     6.472039     0.741276     20193077.954468
2.702703     6.539087     0.832552     22806206.018614
2.717718     6.599475     0.943760     25996183.608615
2.732733     6.641930     1.075318     29783625.605499
2.747748     6.655035     1.218139     33924793.035135
2.762763     6.635707     1.357607     38015555.740065
2.777778     6.588680     1.479738     41660645.381762
2.792793     6.526801     1.575134     44586136.191259
2.807808     6.464342     1.646011     46842883.859263
2.822823     6.406450     1.698853     48605234.915315
2.837838     6.357806     1.734967     49902497.250801
2.852853     6.327597     1.762633     50966510.481715
2.867868     6.313679     1.798332     52272423.583772
2.882883     6.300317     1.849792     54049702.330070
2.897898     6.272927     1.908207     56046961.182029
2.912913     6.231448     1.958116     57810851.208264
2.927928     6.186520     1.992606     59132388.184416
2.942943     6.146707     2.014258     60081443.320914
2.957958     6.116456     2.027225     60776761.814712
2.972973     6.098743     2.037951     61408474.374079
2.987988     6.090705     2.053734     62196589.602697
3.003003     6.086335     2.077421     63230093.433689
3.018018     6.078991     2.107888     64478201.390598
3.033033     6.065282     2.137895     65721424.039875
3.048048     6.051193     2.161962     66790295.381712
3.063063     6.042358     2.184396     67815780.761366
3.078078     6.036262     2.210292     68956119.329427
3.093093     6.028849     2.238834     70187292.747809
3.108108     6.020070     2.268237     71454248.320844
3.123123     6.008435     2.299255     72781289.068802
3.138138     5.990675     2.328061     74047410.779664
3.153153     5.970000     2.348666     75060220.143330
3.168168     5.953103     2.361001     75813737.489870
3.183183     5.943139     2.369981     76462783.519044
3.198198     5.937232     2.379011     77116157.094860
3.213213     5.933872     2.385253     77681499.119788
3.228228     5.937131     2.388248     78142485.658992
3.243243     5.948144     2.391417     78610112.053063
3.258258     5.967556     2.396002     79125439.451267
3.273273     5.996335     2.407228     79862534.634188
3.288288     6.028530     2.428986     80954027.297942
3.303303     6.059740     2.459123     82332680.568146
3.318318     6.087453     2.495949     83945476.646926
3.333333     6.109620     2.535295     85654625.530625
3.348348     6.128617     2.572907     87316896.832174
3.363363     6.148470     2.608562     88923880.830231
3.378378     6.170034     2.644541     90552847.035650
3.393393     6.192155     2.679932     92172538.141302
3.408408     6.217465     2.712270     93697521.023572
3.423423     6.251431     2.742893     95172845.519149
3.438438     6.296394     2.778462     96829833.493551
3.453453     6.348368     2.822768     98803505.954861
3.468468     6.407129     2.874869     101064651.432908
3.483483     6.475582     2.938838     103760720.842045
3.498498     6.552146     3.023100     107195796.677625
3.513514     6.628387     3.135922     111673579.709240
3.528529     6.688435     3.280131     117308208.784417
3.543544     6.713623     3.444404     123707305.825897
3.558559     6.699866     3.603111     129955668.055434
3.573574     6.664704     3.737559     135373697.880328
3.588589     6.630141     3.848562     139979891.249024
3.603604     6.608999     3.949523     144253120.233351
3.618619     6.601002     4.056138     148764402.706072
3.633634     6.597981     4.177148     153838335.276923
3.648649     6.591261     4.315314     159583503.308377
3.663664     6.572324     4.469318     165958853.222748
3.678679     6.535716     4.633166     172748074.070679
3.693694     6.482311     4.801420     179752165.375210
3.708709     6.414116     4.974876     187002968.221865
3.723724     6.326549     5.157512     194653059.835802
3.738739     6.207855     5.346264     202590501.079085
3.753754     6.051014     5.527118     210284883.197770
3.768769     5.858848     5.685197     217164354.658835
3.783784     5.639314     5.807307     222712508.690085
3.798799     5.409855     5.882933     226508098.981344
3.813814     5.194475     5.917457     228737905.659256
3.828829     5.004266     5.932791     230233514.689113
3.843844     4.830429     5.948016     231729546.106246
3.858859     4.656413     5.969087     233458833.516392
3.873874     4.463470     5.989385     235164221.048485
3.888889     4.241299     5.981447     235762831.173781
3.903904     4.014611     5.913997     234004252.146329
3.918919     3.827414     5.792698     230086251.671177
3.933934     3.699111     5.653368     225412410.351114
3.948949     3.619273     5.526789     221206539.011135
3.963964     3.567380     5.424799     217950003.363848
3.978979     3.528840     5.345811     215590069.080895
3.993994     3.496494     5.287736     214052702.687730
4.009009     3.462088     5.249669     213310618.401488
4.024024     3.416484     5.225511     213124262.847294
4.039039     3.356088     5.204544     213061133.862123
4.054054     3.283895     5.177265     212732309.405347
4.069069     3.206025     5.138063     211903439.661318
4.084084     3.129854     5.084249     210457797.519869
4.099099     3.064123     5.017312     208450540.268297
4.114114     3.015639     4.944178     206164535.302325
4.129129     2.985291     4.875762     204053697.669410
4.144144     2.965069     4.820384     202469667.898036
4.159159     2.944416     4.776683     201361045.771153
4.174174     2.920216     4.736550     200390079.362772
4.189189     2.897815     4.697044     199433507.916410
4.204204     2.878039     4.663772     198730570.100445
4.219219     2.852965     4.637579     198320213.809041
4.234234     2.818888     4.609889     197837637.737977
4.249249     2.781130     4.574649     197021457.417453
4.264264     2.744119     4.532197     195882859.017396
4.279279     2.708966     4.482172     194402886.302370
4.294294     2.678432     4.421000     192422489.078554
4.309309     2.662272     4.346143     189825786.453154
4.324324     2.674224     4.266113     186979571.898097
4.339339     2.718208     4.202258     184820397.428981
4.354354     2.777426     4.174742     184245516.345797
4.369369     2.824263     4.181792     185193053.264680
4.384384     2.845959     4.202494     186749421.281285
4.399399     2.849171     4.219625     188152846.070407
4.414414     2.845569     4.228800     189205520.958864
4.429429     2.842252     4.233097     190041961.407700
4.444444     2.842002     4.235911     190812930.429120
4.459459     2.847367     4.241678     191718235.665757
4.474474     2.856142     4.257639     193087624.246896
4.489489     2.860682     4.286403     195044405.858567
4.504505     2.855056     4.325554     197484188.829558
4.519520     2.834280     4.372204     200279353.976689
4.534535     2.792306     4.419145     203102148.907661
4.549550     2.729623     4.452902     205331257.014079
4.564565     2.658305     4.463931     206519163.143686
4.579580     2.591294     4.455196     206793056.787286
4.594595     2.533301     4.433012     206438015.722642
4.609610     2.487736     4.400872     205611026.081598
4.624625     2.459092     4.365257     204611419.444674
4.639640     2.447022     4.336425     203919918.655278
4.654655     2.444026     4.322690     203931869.176871
4.669670     2.439343     4.325633     204728995.777208
4.684685     2.423812     4.340666     206101054.535602
4.699700     2.392798     4.358462     207609327.836204
4.714715     2.349214     4.369891     208818770.730439
4.729730     2.299171     4.370961     209535086.962754
4.744745     2.248430     4.361170     209729416.624775
4.759760     2.201708     4.342552     209494966.594906
4.774775     2.161867     4.319147     209023167.749777
4.789790     2.128052     4.295816     208547842.243131
4.804805     2.096550     4.273431     208111438.676293
4.819820     2.067751     4.249862     207610428.383329
4.834835     2.044195     4.228012     207186456.101844
4.849850     2.022190     4.212964     207090212.981398
4.864865     1.994068     4.203744     207276719.722863
4.879880     1.955365     4.193147     207392345.407989
4.894895     1.908025     4.171986     206980641.029006
4.909910     1.861039     4.134377     205743985.184333
4.924925     1.824924     4.083169     203817034.416571
4.939940     1.804258     4.026143     201583201.010279
4.954955     1.798786     3.969765     199364590.853292
4.969970     1.807034     3.918332     197377902.509543
4.984985     1.827915     3.875772     195823856.909284
5.000000     1.858849     3.847768     194994526.029768
5.015015     1.892459     3.839074     195138153.362050
5.030030     1.918894     3.848464     196201136.272366
5.045045     1.931700     3.869283     197851390.582021
5.060060     1.929138     3.893655     199690142.031296
5.075075     1.913789     3.914243     201341699.667791
5.090090     1.892193     3.927776     202635558.128724
5.105105     1.869313     3.937072     203714347.409065
5.120120     1.844550     3.945720     204762265.284801
5.135135     1.815444     3.953926     205789820.945520
5.150150     1.780147     3.959639     206689788.200124
5.165165     1.739143     3.959097     207264022.082623
5.180180     1.695560     3.950299     207404584.357470
5.195195     1.651672     3.932889     207089048.044764
5.210210     1.610539     3.905769     206255406.254103
5.225225     1.577002     3.870860     205000999.167514
5.240240     1.552562     3.832839     203570715.068110
5.255255     1.536161     3.794658     202120295.528233
5.270270     1.526943     3.757710     200724160.597863
5.285285     1.524955     3.723762     199477482.394861
5.300300     1.528846     3.695951     198550117.404473
5.315315     1.534501     3.675895     198032142.679643
5.330330     1.538248     3.661265     197801124.240873
5.345345     1.540218     3.648969     197692196.844058
5.360360     1.541934     3.638175     197661076.367150
5.375375     1.544811     3.629605     197747793.829199
5.390390     1.548914     3.626137     198110708.587163
5.405405     1.549915     3.630115     198880488.653076
5.420420     1.542302     3.637913     199861338.017882
5.435435     1.526496     3.642411     200662794.980477
5.450450     1.508192     3.640379     201104836.275049
5.465465     1.492567     3.633968     201303720.824679
5.480480     1.481224     3.628086     201530026.893271
5.495495     1.471352     3.627018     202022638.586991
5.510511     1.457919     3.631466     202823073.140341
5.525526     1.436531     3.638505     203769916.847080
5.540541     1.405388     3.642431     204544096.128572
5.555556     1.367382     3.636772     204779781.536069
5.570571     1.330211     3.619151     204338360.322552
5.585586     1.299888     3.594608     203499704.764927
5.600601     1.274733     3.568972     202591535.580938
5.615616     1.250861     3.541611     201577379.574867
5.630631     1.229424     3.509034     200257202.858276
5.645646     1.215254     3.471446     198640369.687139
5.660661     1.211401     3.433900     197014526.450260
5.675676     1.215400     3.402517     195731819.754249
5.690691     1.220505     3.378510     194864965.703300
5.705706     1.223130     3.356256     194092168.111673
5.720721     1.227608     3.330873     193131151.239422
5.735736     1.240460     3.304546     192107553.614834
5.750751     1.264231     3.284479     191440829.595513
5.765766     1.295470     3.279098     191626235.696310
5.780781     1.323720     3.293402     192963314.155583
5.795796     1.336383     3.321769     195130871.078238
5.810811     1.330836     3.351062     197361650.842800
5.825826     1.313981     3.373828     199215896.579173
5.840841     1.291857     3.390350     200707435.861124
5.855856     1.266261     3.402663     201954199.142970
5.870871     1.236966     3.411359     202989479.713302
5.885886     1.204028     3.415667     203765636.500472
5.900901     1.168151     3.415206     204257832.029618
5.915916     1.128495     3.409501     204435531.801081
5.930931     1.084954     3.394153     204031769.455496
5.945946     1.044237     3.365248     202806339.181271
5.960961     1.014333     3.327347     201028629.277650
5.975976     0.995459     3.288718     199195269.414457
5.990991     0.982864     3.252388     197489726.418069
6.006006     0.974327     3.217137     195838871.624876
6.021021     0.969973     3.182626     194222382.968299
6.036036     0.969590     3.149081     192654530.657391
6.051051     0.973410     3.116341     191125801.348038
6.066066     0.982313     3.084857     189664321.857883
6.081081     0.997236     3.055808     188343379.989766
6.096096     1.018976     3.031494     187306174.504807
6.111111     1.047066     3.015342     186767063.854883
6.126126     1.079112     3.011265     186972803.732102
6.141141     1.109620     3.022483     188129308.312868
6.156156     1.130685     3.048396     190206113.085413
6.171171     1.135284     3.083716     192879259.350706
6.186186     1.119527     3.119004     195561118.646507
6.201201     1.086885     3.142625     197520382.013519
6.216216     1.048547     3.148845     198390504.265021
6.231231     1.015111     3.141498     198405721.646506
6.246246     0.990339     3.129457     198121529.300138
6.261261     0.970040     3.119854     197988315.270371
6.276276     0.947216     3.112295     197982291.581660
6.291291     0.919835     3.101027     197737438.017404
6.306306     0.891705     3.082179     197004659.369425
6.321321     0.867263     3.056450     195825225.757633
6.336336     0.848727     3.026422     194361919.604842
6.351351     0.836710     2.994707     192780888.520153
6.366366     0.830885     2.963638     191231858.297718
6.381381     0.829951     2.935392     189856015.263674
6.396396     0.831029     2.910848     188711523.853949
6.411411     0.831962     2.887860     187660680.944603
6.426426     0.833937     2.863990     186545424.176453
6.441441     0.839393     2.839233     185364959.064666
6.456456     0.850193     2.815210     184224979.382981
6.471471     0.867253     2.795080     183333097.325593
6.486486     0.888761     2.782680     182943212.233801
6.501502     0.910724     2.779816     183177997.132680
6.516517     0.929089     2.786126     184017760.739376
6.531532     0.940052     2.799626     185335486.929768
6.546547     0.940978     2.816188     186860492.780652
6.561562     0.932036     2.830889     188266727.716214
6.576577     0.915588     2.839740     189287501.993896
6.591592     0.896049     2.840220     189751725.363391
6.606607     0.878737     2.833680     189746059.306478
6.621622     0.865550     2.824560     189565239.129941
6.636637     0.854724     2.815853     189409428.223145
6.651652     0.843913     2.807953     189305353.506714
6.666667     0.831710     2.799510     189162157.058109
6.681682     0.818539     2.788834     188865237.014349
6.696697     0.805842     2.775399     188377719.145663
6.711712     0.794689     2.760013     187753465.348490
6.726727     0.784631     2.743523     187049254.557264
6.741742     0.775018     2.725120     186209282.286683
6.756757     0.766870     2.703276     185128010.334775
6.771772     0.763106     2.677684     183782943.681960
6.786787     0.766533     2.651191     182368016.150383
6.801802     0.776616     2.627921     181167269.198654
6.816817     0.790632     2.609929     180324102.182338
6.831832     0.806192     2.597079     179831564.922989
6.846847     0.822559     2.588690     179644627.225639
6.861862     0.839451     2.585455     179813567.802998
6.876877     0.855007     2.588528     180421264.204970
6.891892     0.865894     2.597561     181446156.353016
6.906907     0.869129     2.609124     182650911.081192
6.921922     0.865723     2.618040     183673522.424644
6.936937     0.860458     2.622704     184399821.679760
6.951952     0.855747     2.626186     185044319.823635
6.966967     0.849657     2.630301     185734575.452708
6.981982     0.840906     2.633349     186350574.887792
6.996997     0.831080     2.634174     186809792.181938
7.012012     0.821006     2.634163     187209939.117521
7.027027     0.808992     2.633641     187573626.619629
7.042042     0.794559     2.630210     187729491.413710
7.057057     0.780018     2.622367     187568776.074082
7.072072     0.767572     2.610871     187143847.854787
7.087087     0.758424     2.596942     186540646.869257
7.102102     0.753764     2.582421     185890598.082810
7.117117     0.753086     2.570551     185427370.041684
7.132132     0.752839     2.563233     185289567.559925
7.147147     0.749095     2.558246     185318385.931011
7.162162     0.742023     2.550902     185174584.047279
7.177177     0.735710     2.539383     184724916.538893
7.192192     0.733333     2.526206     184150808.375281
7.207207     0.734151     2.514869     183707075.145405
7.222222     0.735235     2.505708     183419196.097760
7.237237     0.736134     2.496376     183116019.980786
7.252252     0.739291     2.486443     182765835.815824
7.267267     0.746069     2.478559     182563511.699004
7.282282     0.754823     2.475804     182737341.436950
7.297297     0.761585     2.479057     183354691.699070
7.312312     0.762874     2.485568     184214544.170974
7.327327     0.758807     2.490954     184992791.311549
7.342342     0.752792     2.493243     185542248.931668
7.357357     0.747265     2.494394     186007484.830715
7.372372     0.740976     2.496335     186532116.892503
7.387387     0.732441     2.497864     187026527.772979
7.402402     0.722824     2.497785     187400754.264796
7.417417     0.712855     2.497233     187739343.152406
7.432432     0.701040     2.496641     188074791.374555
7.447447     0.686301     2.494072     188260841.237507
7.462462     0.670148     2.487095     188112702.798411
7.477477     0.655704     2.475639     187622916.893679
7.492492     0.644656     2.461932     186958815.765609
7.507508     0.636610     2.447945     186269141.916233
7.522523     0.630686     2.434643     185627517.918247
7.537538     0.625737     2.422508     185070911.194851
7.552553     0.620486     2.411033     184561176.558916
7.567568     0.614604     2.398792     183989252.680456
7.582583     0.609038     2.384831     183281329.717372
7.597598     0.604727     2.369075     182431002.858719
7.612613     0.602505     2.351449     181431575.470757
7.627628     0.603801     2.332117     180294828.527721
7.642643     0.610386     2.312550     179134103.466921
7.657658     0.622741     2.295584     178169177.589825
7.672673     0.639703     2.283782     177600804.701078
7.687688     0.659267     2.279167     177588725.043169
7.702703     0.678280     2.283075     178240704.812526
7.717718     0.692661     2.295005     179521321.951178
7.732733     0.699125     2.311960     181199416.808459
7.747748     0.696651     2.330059     182972551.148413
7.762763     0.685544     2.345560     184546727.809860
7.777778     0.668191     2.354592     185615686.244920
7.792793     0.649207     2.355713     186062569.643450
7.807808     0.632521     2.350699     186024279.861058
7.822823     0.619544     2.342847     185759482.201591
7.837838     0.609181     2.334478     185451204.044084
7.852853     0.600141     2.325911     185124583.866368
7.867868     0.592096     2.316963     184765014.978105
7.882883     0.584961     2.307782     184384055.634110
7.897898     0.578329     2.298498     183992064.089091
7.912913     0.571767     2.288537     183543007.869634
7.927928     0.565995     2.277022     182966045.893410
7.942943     0.562352     2.264412     182297410.994759
7.957958     0.561117     2.251951     181636911.409236
7.972973     0.561915     2.240366     181043401.613681
7.987988     0.564598     2.230226     180563448.287619
8.003003     0.568533     2.222614     180285361.260448
8.018018     0.571930     2.217830     180234865.984161
8.033033     0.573343     2.214504     180301609.696039
8.048048     0.573102     2.210643     180323614.280580
8.063063     0.572971     2.205719     180257699.263524
8.078078     0.573805     2.200707     180182966.163161
8.093093     0.575742     2.196196     180147864.885383
8.108108     0.579225     2.193314     180245297.177685
8.123123     0.583040     2.194181     180650399.013711
8.138138     0.583743     2.198919     181375200.143967
8.153153     0.579064     2.204334     182157249.548815
8.168168     0.570306     2.206798     182696733.397542
8.183183     0.560556     2.205481     182923356.990911
8.198198     0.551451     2.201602     182936689.923510
8.213213     0.543397     2.196022     182807170.020250
8.228228     0.536811     2.189586     182604695.090976
8.243243     0.531261     2.183480     182427750.559964
8.258258     0.525324     2.177699     182276179.153896
8.273273     0.518864     2.170661     182017359.774282
8.288288     0.513629     2.162084     181627203.176918
8.303303     0.510179     2.153593     181241671.463181
8.318318     0.507435     2.145845     180916209.679524
8.333333     0.505108     2.138410     180614749.255463
8.348348     0.503357     2.131752     180376829.178955
8.363363     0.500868     2.126336     180242202.304604
8.378378     0.496399     2.120254     180049264.953843
8.393393     0.491824     2.111285     179608973.476980
8.408408     0.490061     2.100385     179001309.837140
8.423423     0.491678     2.090294     178459414.393552
8.438438     0.495232     2.082847     178140622.834699
8.453453     0.498656     2.078421     178078350.658248
8.468468     0.500344     2.075715     178162429.162771
8.483483     0.500637     2.073151     178257885.209153
8.498498     0.500137     2.070701     178362289.877866
8.513514     0.498531     2.067857     178432044.846975
8.528529     0.496945     2.063614     178379932.260269
8.543544     0.497122     2.059041     178298036.579098
8.558559     0.498678     2.056487     178389810.689281
8.573574     0.499061     2.056681     178719684.967910
8.588589     0.496470     2.057532     179106779.636952
8.603604     0.491997     2.056777     179354050.540138
8.618619     0.487615     2.054546     179472112.819155
8.633634     0.483599     2.052204     179579844.962288
8.648649     0.478950     2.049895     179689771.171410
8.663664     0.473806     2.046571     179709857.582370
8.678679     0.469518     2.042529     179665787.054876
8.693694     0.465825     2.039564     179715379.334335
8.708709     0.460383     2.037724     179863307.300719
8.723724     0.452472     2.034312     179871754.620549
8.738739     0.444450     2.027777     179602513.485660
8.753754     0.438296     2.019379     179166057.048251
8.768769     0.433960     2.010745     178705978.571594
8.783784     0.430567     2.002335     178263312.042339
8.798799     0.427981     1.993608     177789689.362187
8.813814     0.427190     1.984913     177316406.954625
8.828829     0.427913     1.977985     176998482.984461
8.843844     0.428152     1.973207     176871288.955845
8.858859     0.426766     1.969079     176800864.206765
8.873874     0.424354     1.964060     176649108.095232
8.888889     0.422459     1.957879     176391193.226602
8.903904     0.422050     1.951875     176147328.559438
8.918919     0.422166     1.947587     176056727.428638
8.933934     0.420867     1.944747     176095972.703468
8.948949     0.417392     1.941402     176088474.394906
8.963964     0.413074     1.935739     175869427.861497
8.978979     0.410255     1.927825     175443855.484816
8.993994     0.410382     1.919583     174985908.665814
9.009009     0.412863     1.913495     174722098.444534
9.024024     0.415255     1.910599     174748406.912978
9.039039     0.415461     1.909508     174939216.022135
9.054054     0.413533     1.908168     175106887.569734
9.069069     0.410616     1.905879     175186875.518607
9.084084     0.407268     1.902749     175188713.814935
9.099099     0.403936     1.898678     175102849.893493
9.114114     0.401304     1.894070     174966142.010861
9.129129     0.399396     1.889851     174864047.029842
9.144144     0.397354     1.886608     174851080.154029
9.159159     0.394077     1.883821     174879441.831447
9.174174     0.389504     1.880154     174825164.416609
9.189189     0.384690     1.874937     174625362.815702
9.204204     0.380544     1.868480     174308392.703339
9.219219     0.377515     1.861300     173921764.429100
9.234234     0.375949     1.854116     173532696.712621
9.249249     0.375478     1.848124     173253177.541442
9.264264     0.374494     1.843671     173116281.843834
9.279279     0.371928     1.839306     172986278.601872
9.294294     0.368637     1.833496     172718960.743198
9.309309     0.366141     1.826338     172322575.957170
9.324324     0.364931     1.818812     171889226.909599
9.339339     0.364787     1.811477     171471691.918262
9.354354     0.365640     1.804525     171088259.812502
9.369369     0.367609     1.798542     170794717.093952
9.384384     0.369825     1.794456     170679766.869158
9.399399     0.370631     1.791660     170686495.594705
9.414414     0.370143     1.788232     170632095.883107
9.429429     0.370116     1.783917     170491817.874703
9.444444     0.371041     1.780065     170394621.644870
9.459459     0.372138     1.777353     170405486.407065
9.474474     0.372750     1.775724     170519557.362796
9.489489     0.372310     1.774967     170716980.524503
9.504505     0.370282     1.774367     170929276.936110
9.519520     0.367035     1.772893     171057088.110878
9.534535     0.363439     1.770521     171097651.268842
9.549550     0.359485     1.767556     171080119.025810
9.564565     0.355226     1.763552     170961006.767740
9.579580     0.351501     1.758453     170734276.905593
9.594595     0.348643     1.753146     170485819.051656
9.609610     0.345872     1.748024     170253745.881532
9.624625     0.342907     1.742233     169954849.039236
9.639640     0.340856     1.735418     169554116.042245
9.654655     0.340481     1.728750     169165797.153558
9.669670     0.341000     1.723458     168910172.289044
9.684685     0.341074     1.719414     168775555.438705
9.699700     0.340348     1.715634     168665601.934946
9.714715     0.339268     1.711743     168543581.274981
9.729730     0.337838     1.707849     168420050.530265
9.744745     0.335899     1.703491     168249486.210378
9.759760     0.334190     1.698166     167981990.117341
9.774775     0.333616     1.692607     167689742.783839
9.789790     0.333629     1.687982     167488388.397294
9.804805     0.332995     1.683968     167346330.567620
9.819820     0.331812     1.679394     167147441.726603
9.834835     0.331067     1.674106     166875882.174547
9.849850     0.331128     1.668704     166591373.745521
9.864865     0.331970     1.663502     166325204.942133
9.879880     0.333737     1.658913     166118849.027602
9.894895     0.336176     1.655698     166048804.723175
9.909910     0.338309     1.654402     166170599.401407
9.924925     0.338742     1.654614     166443690.214637
9.939940     0.336795     1.654780     166712258.972229
9.954955     0.333331     1.653350     166819801.174895
9.969970     0.329992     1.650176     166750698.354870
9.984985     0.327613     1.646326     166612149.012874
10.000000     0.325811     1.642814     166506816.252351
10.015015     0.323656     1.639671     166437731.532360
10.030030     0.320959     1.636093     166323579.963078
10.045045     0.318335     1.631823     166137825.215012
10.060060     0.316032     1.627196     165914315.178861
10.075075     0.313935     1.622351     165667277.504076
10.090090     0.311917     1.617122     165379383.497518
10.105105     0.310391     1.611045     165003090.864522
10.120120     0.310456     1.604555     164582591.920881
10.135135     0.312219     1.599252     164281998.149554
10.150150     0.314170     1.596160     164207269.226934
10.165165     0.314576     1.594504     164279577.635623
10.180180     0.313230     1.592498     164315221.455631
10.195195     0.311398     1.589200     164216818.460372
10.210210     0.310297     1.585187     164043421.149084
10.225225     0.309888     1.581637     163916683.182338
10.240240     0.309165     1.578883     163871609.392131
10.255255     0.307454     1.576232     163836293.527009
10.270270     0.304876     1.572762     163714928.992437
10.285285     0.302206     1.567803     163437330.859904
10.300300     0.300696     1.561394     163006897.046865
10.315315     0.301375     1.554611     162535303.421571
10.330330     0.304220     1.549162     162201406.336481
10.345345     0.307871     1.546337     162140928.233891
10.360360     0.310415     1.546076     162348824.313987
10.375375     0.310554     1.547008     162682137.595945
10.390390     0.308382     1.547431     162962078.820311
10.405405     0.304818     1.546423     163091263.881491
10.420420     0.300818     1.543626     163031292.239840
10.435435     0.297526     1.539154     162793191.779316
10.450450     0.295832     1.533991     162480549.916178
10.465465     0.295561     1.529479     162235376.677777
10.480480     0.295696     1.526248     162124917.781831
10.495495     0.295310     1.524093     162127936.900891
10.510511     0.293845     1.522386     162178039.765312
10.525526     0.291336     1.520291     162186263.411555
10.540541     0.288348     1.517411     162109961.283861
10.555556     0.285289     1.513817     161956305.061225
10.570571     0.282420     1.509644     161739654.524750
10.585586     0.279798     1.505272     161500299.818177
10.600601     0.276870     1.500751     161243658.394637
10.615616     0.273513     1.495170     160871572.928404
10.630631     0.270852     1.487984     160324789.563684
10.645646     0.270001     1.479966     159686208.989651
10.660661     0.270983     1.472388     159092611.737506
10.675676     0.272997     1.465904     158615082.074444
10.690691     0.275324     1.460362     158237649.002518
10.705706     0.277818     1.455256     157905848.982885
10.720721     0.280996     1.450388     157598373.451921
10.735736     0.285400     1.446444     157389909.211516
10.750751     0.290623     1.444652     157414824.444550
10.765766     0.295133     1.445544     157731976.260285
10.780781     0.297539     1.448277     158250619.918650
10.795796     0.297473     1.451629     158837808.049765
10.810811     0.294991     1.454695     159394630.988487
10.825826     0.290331     1.456508     159814993.139445
10.840841     0.284343     1.456214     160004278.453805
10.855856     0.278187     1.453704     159949752.143393
10.870871     0.272599     1.449348     159691052.234097
10.885886     0.268230     1.443505     159266880.764319
10.900901     0.265653     1.437122     158781410.345912
10.915916     0.264425     1.431338     158360143.929597
10.930931     0.263576     1.426406     158031611.044225
10.945946     0.262437     1.421917     157750581.985377
10.960961     0.260892     1.417072     157428786.490978
10.975976     0.259709     1.411347     157007582.820027
10.990991     0.259751     1.405280     156546502.039942
11.006006     0.260940     1.399877     156157663.754939
11.021021     0.262472     1.395512     155883064.785448
11.036036     0.263844     1.391806     155680872.442356
11.051051     0.265117     1.388438     155515423.228633
11.066066     0.266442     1.385405     155386631.078561
11.081081     0.267830     1.382882     155314066.623445
11.096096     0.269099     1.381046     155318024.884396
11.111111     0.269885     1.380014     155411952.777952
11.126126     0.269540     1.379547     155569363.578338
11.141141     0.267804     1.378694     155682935.094405
11.156156     0.265351     1.376688     155665979.229158
11.171171     0.263022     1.373496     155514042.901602
11.186186     0.261465     1.369502     155270205.417325
11.201201     0.260982     1.365466     155020439.212359
11.216216     0.261217     1.362181     154854764.579053
11.231231     0.261338     1.359929     154805763.013496
11.246246     0.260537     1.358286     154825388.818002
11.261261     0.258599     1.356285     154803758.043932
11.276276     0.256188     1.353153     154652234.407909
11.291291     0.254265     1.348940     154375941.446347
11.306306     0.253369     1.344320     154051818.879075
11.321321     0.253403     1.340052     153766742.559894
11.336336     0.253851     1.336557     153569098.679298
11.351351     0.254144     1.333783     153453332.258521
11.366366     0.254000     1.331421     153384188.257420
11.381381     0.253346     1.329201     153330722.183060
11.396396     0.252134     1.326897     153266888.973981
11.411411     0.250420     1.324125     153148228.786034
11.426426     0.248631     1.320644     152946577.905806
11.441441     0.247163     1.316624     152681367.767919
11.456456     0.246105     1.312368     152387587.415860
11.471471     0.245337     1.307969     152075847.611822
11.486486     0.244929     1.303371     151739500.019391
11.501502     0.244982     1.298678     151390856.792755
11.516517     0.245573     1.293904     151031160.707409
11.531532     0.247032     1.289237     150682604.351035
11.546547     0.249432     1.285358     150424869.021429
11.561562     0.252136     1.282867     150328624.975916
11.576577     0.254236     1.281623     150377924.026271
11.591592     0.255325     1.280947     150493494.117423
11.606607     0.255538     1.280294     150611678.219564
11.621622     0.255124     1.279421     150703598.661981
11.636637     0.254316     1.278252     150760454.975620
11.651652     0.253221     1.276813     150785045.974969
11.666667     0.251898     1.275041     150769819.772670
11.681682     0.250517     1.272888     150708915.832492
11.696697     0.249240     1.270473     150616387.541486
11.711712     0.248025     1.267952     150510465.116310
11.726727     0.246768     1.265250     150382279.776554
11.741742     0.245661     1.262244     150217081.919810
11.756757     0.244913     1.259215     150048201.827764
11.771772     0.244236     1.256472     149912561.826676
11.786787     0.243189     1.253774     149781521.218815
11.801802     0.241883     1.250489     149579320.343932
11.816817     0.241128     1.246422     149282545.405431
11.831832     0.241559     1.242347     148983615.756559
11.846847     0.242796     1.239254     148801303.549581
11.861862     0.243837     1.237384     148765034.775649
11.876877     0.243927     1.236100     148798821.617956
11.891892     0.243193     1.234509     148795121.486415
11.906907     0.242314     1.232393     148727656.004821
11.921922     0.241556     1.230101     148638289.152165
11.936937     0.240766     1.227784     148545112.863159
11.951952     0.239868     1.225266     148426954.609497
11.966967     0.239159     1.222396     148265284.096893
11.981982     0.238952     1.219507     148100542.955044
11.996997     0.239030     1.216997     147980829.829145
12.012012     0.239138     1.214775     147895506.712707
12.027027     0.239446     1.212898     147851642.756546
12.042042     0.239689     1.211907     147915204.946771
12.057057     0.238903     1.211704     148074938.535005
12.072072     0.236659     1.211216     148199558.221168
12.087087     0.233668     1.209502     148173885.316759
12.102102     0.230981     1.206663     148009709.226400
12.117117     0.228962     1.203401     147792717.786233
12.132132     0.227440     1.200216     147584213.757651
12.147147     0.226012     1.197348     147413827.441305
12.162162     0.224248     1.194563     147252780.488861
12.177177     0.222191     1.191426     147047408.132563
12.192192     0.220148     1.187810     146781780.111148
12.207207     0.218266     1.183829     146470043.502723
12.222222     0.216520     1.179471     146110362.411036
12.237237     0.215043     1.174573     145682333.304281
12.252252     0.214180     1.169062     145176679.165342
12.267267     0.214468     1.163126     144616631.920158
12.282282     0.216331     1.157494     144092518.457938
12.297297     0.219567     1.153239     143738293.979682
12.312312     0.223070     1.151163     143654727.451035
12.327327     0.225341     1.150923     143799988.015060
12.342342     0.225696     1.151205     144010365.409611
12.357357     0.224609     1.150781     144132441.782333
12.372372     0.223130     1.149360     144129462.063828
12.387387     0.221753     1.147501     144070922.114010
12.402402     0.220208     1.145491     143992861.742340
12.417417     0.218384     1.143049     143859914.415722
12.432432     0.216591     1.140029     143653294.909237
12.447447     0.215035     1.136609     143395305.223061
12.462462     0.213690     1.132881     143097331.962150
12.477477     0.212652     1.128769     142749760.285019
12.492492     0.212215     1.124396     142367871.362283
12.507508     0.212418     1.120189     142005671.134019
12.522523     0.212906     1.116322     141685278.655797
12.537538     0.213553     1.112537     141374280.025295
12.552553     0.214701     1.108797     141067680.922176
12.567568     0.216511     1.105634     140833594.740720
12.582583     0.218437     1.103521     140732393.584537
12.597598     0.219833     1.102196     140731041.711641
12.612613     0.220634     1.101207     140772375.372911
12.627628     0.220900     1.100424     140839764.337453
12.642643     0.220601     1.099733     140918647.248319
12.657658     0.219686     1.099042     140997356.449305
12.672673     0.218006     1.098137     141048465.884818
12.687688     0.215589     1.096551     141011606.536311
12.702703     0.212885     1.093894     140836362.430751
12.717718     0.210443     1.090198     140526401.464969
12.732733     0.208617     1.085643     140104486.202612
12.747748     0.207829     1.080465     139600786.782819
12.762763     0.208401     1.075354     139104047.443355
12.777778     0.209950     1.071104     138717279.400470
12.792793     0.211709     1.067875     138461611.796885
12.807808     0.213217     1.065322     138292753.532163
12.822823     0.214455     1.063029     138156851.859487
12.837838     0.215723     1.060929     138045331.455764
12.852853     0.216986     1.059374     138004273.719122
12.867868     0.217743     1.058372     138034747.532250
12.882883     0.217764     1.057417     138071120.921542
12.897898     0.217344     1.056082     138057535.543781
12.912913     0.216920     1.054416     138000204.597155
12.927928     0.216534     1.052742     137941385.234842
12.942943     0.215928     1.051034     137877471.422875
12.957958     0.215216     1.048989     137768806.655808
12.972973     0.214780     1.046709     137628681.156432
12.987988     0.214623     1.044598     137510122.108139
13.003003     0.214393     1.042773     137428601.878738
13.018018     0.213925     1.040960     137348050.346832
13.033033     0.213464     1.039006     137248327.604387
13.048048     0.213165     1.037221     137170420.113636
13.063063     0.212597     1.035858     137147812.820974
13.078078     0.211323     1.034434     137116701.839578
13.093093     0.209728     1.032355     136998214.992223
13.108108     0.208396     1.029819     136818332.855969
13.123123     0.207292     1.027216     136628854.182231
13.138138     0.206279     1.024608     136437888.883881
13.153153     0.205221     1.022095     136258829.477882
13.168168     0.203754     1.019482     136065586.720979
13.183183     0.202025     1.016125     135772229.824208
13.198198     0.200768     1.011931     135365815.652095
13.213213     0.200355     1.007336     134904462.470002
13.228228     0.200932     1.002681     134433695.048396
13.243243     0.202645     0.998555     134032367.587435
13.258258     0.204995     0.995736     133805627.085235
13.273273     0.206923     0.994276     133760669.225139
13.288288     0.207884     0.993401     133794114.978345
13.303303     0.208087     0.992550     133830601.527803
13.318318     0.207700     0.991612     133854969.863146
13.333333     0.206671     0.990406     133843016.062465
13.348348     0.205106     0.988464     133730990.796739
13.363363     0.203688     0.985433     133470815.984053
13.378378     0.203244     0.981750     133121469.495323
13.393393     0.203898     0.978352     132809499.166827
13.408408     0.205085     0.975864     132620359.634523
13.423423     0.206045     0.974353     132563208.076160
13.438438     0.206183     0.973346     132574415.425766
13.453453     0.205464     0.972070     132548535.352687
13.468468     0.204486     0.970072     132423642.850388
13.483483     0.203831     0.967593     132232536.084679
13.498498     0.203563     0.965062     132033546.557276
13.513514     0.203552     0.962662     131851613.737233
13.528529     0.203661     0.960516     131703863.814231
13.543544     0.203691     0.958583     131584725.393507
13.558559     0.203665     0.956743     131477822.117812
13.573574     0.203623     0.955144     131403449.114596
13.588589     0.203246     0.953897     131377042.213677
13.603604     0.202196     0.952651     131350348.396734
13.618619     0.200619     0.950879     131250771.600827
13.633634     0.198986     0.948404     131053466.573811
13.648649     0.197659     0.945409     130783529.664927
13.663664     0.196734     0.942147     130475608.791358
13.678679     0.196257     0.938770     130150765.836198
13.693694     0.196233     0.935561     129848327.964126
13.708709     0.196335     0.932714     129595107.378474
13.723724     0.196304     0.929984     129357333.457433
13.738739     0.196290     0.927169     129106890.196129
13.753754     0.196390     0.924342     128853919.013109
13.768769     0.196603     0.921485     128595822.332360
13.783784     0.197062     0.918636     128338117.217520
13.798799     0.197747     0.915992     128108101.735963
13.813814     0.198503     0.913530     127902780.566517
13.828829     0.199484     0.911194     127714371.710809
13.843844     0.200754     0.909338     127592657.957462
13.858859     0.201900     0.908226     127574805.173583
13.873874     0.202444     0.907665     127634194.142257
13.888889     0.202217     0.907227     127710548.397586
13.903904     0.201288     0.906532     127750693.225645
13.918919     0.199947     0.905265     127709891.909005
13.933934     0.198614     0.903477     127595185.262574
13.948949     0.197375     0.901423     127442292.502037
13.963964     0.196139     0.899146     127257188.498972
13.978979     0.194950     0.896543     127025230.960397
13.993994     0.193993     0.893657     126752294.352265
14.009009     0.193266     0.890638     126459756.346267
14.024024     0.192748     0.887429     126139085.756377
14.039039     0.192655     0.884038     125791646.909870
14.054054     0.193156     0.880752     125458099.483769
14.069069     0.194120     0.877974     125196046.110851
14.084084     0.195110     0.875857     125027463.580692
14.099099     0.195823     0.874191     124922726.959411
14.114114     0.196216     0.872776     124853289.025606
14.129129     0.196292     0.871572     124813714.194176
14.144144     0.195842     0.870590     124805576.208287
14.159159     0.194527     0.869436     124772443.884334
14.174174     0.192586     0.867366     124607323.980174
14.189189     0.190832     0.864187     124282228.668425
14.204204     0.189802     0.860302     123854397.645579
14.219219     0.189669     0.856189     123392499.136953
14.234234     0.190355     0.852284     122959530.998633
14.249249     0.191619     0.848835     122591010.856451
14.264264     0.193311     0.845952     122303452.869154
14.279279     0.195239     0.843879     122132083.426889
14.294294     0.196947     0.842722     122092934.305197
14.309309     0.197984     0.842288     122158225.955886
14.324324     0.198018     0.842153     122266808.984453
14.339339     0.197056     0.841718     122331843.206263
14.354354     0.195434     0.840596     122296616.518514
14.369369     0.193487     0.838646     122140504.825784
14.384384     0.191486     0.835720     121841589.273657
14.399399     0.189988     0.831674     121378269.329757
14.414414     0.189699     0.826926     120811263.981986
14.429429     0.190825     0.822293     120259453.300070
14.444444     0.193088     0.818509     119830660.445233
14.459459     0.195809     0.816076     119598659.509299
14.474474     0.198088     0.814886     119548303.915574
14.489489     0.199479     0.814268     119581551.700184
14.504505     0.200101     0.813681     119619133.506441
14.519520     0.200159     0.812883     119625520.060193
14.534535     0.199822     0.811697     119574566.948301
14.549550     0.199339     0.809976     119444172.411821
14.564565     0.199036     0.807672     119227379.955064
14.579580     0.199368     0.804912     118942423.100797
14.594595     0.200722     0.802299     118678375.873544
14.609610     0.202839     0.800723     118567190.442680
14.624625     0.204708     0.800648     118677942.952681
14.639640     0.205208     0.801499     118926005.302425
14.654655     0.204107     0.802005     119123175.637829
14.669670     0.202210     0.801242     119131713.776724
14.684685     0.200628     0.799230     118954225.023034
14.699700     0.199975     0.796746     118705780.494326
14.714715     0.200012     0.794618     118509714.092329
14.729730     0.200082     0.793013     118390974.803758
14.744745     0.199843     0.791613     118302366.803714
14.759760     0.199293     0.790057     118190173.836732
14.774775     0.198723     0.788119     118020222.220271
14.789790     0.198460     0.785938     117813123.171047
14.804805     0.198578     0.783777     117608482.601504
14.819820     0.199032     0.781861     117439989.750137
14.834835     0.199649     0.780412     117341171.139549
14.849850     0.200064     0.779497     117322167.563243
14.864865     0.199977     0.778815     117338081.093986
14.879880     0.199517     0.778033     117338645.393441
14.894895     0.198885     0.777210     117332710.352889
14.909910     0.197913     0.776467     117338704.277928
14.924925     0.196333     0.775526     117314532.520076
14.939940     0.194290     0.773849     117178641.636640
14.954955     0.192415     0.771186     116892753.896655
14.969970     0.191327     0.767894     116510653.581544
14.984985     0.191183     0.764605     116127980.490804
15.000000     0.191728     0.761874     115829114.775121

