# energy grid [eV]     epsi_x  epsi_y  epsi_z
#
    0.000000000    0.000000000    0.000000000    0.000000000
    0.015015015    0.001611810    0.001611810    0.001611810
    0.030030030    0.003223980    0.003223980    0.003223980
    0.045045045    0.004836870    0.004836870    0.004836870
    0.060060060    0.006450841    0.006450841    0.006450841
    0.075075075    0.008066253    0.008066253    0.008066253
    0.090090090    0.009683469    0.009683469    0.009683469
    0.105105105    0.011302851    0.011302851    0.011302851
    0.120120120    0.012924765    0.012924765    0.012924765
    0.135135135    0.014549577    0.014549577    0.014549577
    0.150150150    0.016177655    0.016177655    0.016177655
    0.165165165    0.017809367    0.017809367    0.017809367
    0.180180180    0.019445088    0.019445088    0.019445088
    0.195195195    0.021085192    0.021085192    0.021085192
    0.210210210    0.022730055    0.022730055    0.022730055
    0.225225225    0.024380060    0.024380060    0.024380060
    0.240240240    0.026035589    0.026035589    0.026035589
    0.255255255    0.027697030    0.027697030    0.027697030
    0.270270270    0.029364774    0.029364774    0.029364774
    0.285285285    0.031039216    0.031039216    0.031039216
    0.300300300    0.032720756    0.032720756    0.032720756
    0.315315315    0.034409798    0.034409798    0.034409798
    0.330330330    0.036106751    0.036106751    0.036106751
    0.345345345    0.037812028    0.037812028    0.037812028
    0.360360360    0.039526050    0.039526050    0.039526050
    0.375375375    0.041249241    0.041249241    0.041249241
    0.390390390    0.042982033    0.042982033    0.042982033
    0.405405405    0.044724864    0.044724864    0.044724864
    0.420420420    0.046478177    0.046478177    0.046478177
    0.435435435    0.048242425    0.048242425    0.048242425
    0.450450450    0.050018066    0.050018066    0.050018066
    0.465465465    0.051805566    0.051805566    0.051805566
    0.480480480    0.053605401    0.053605401    0.053605401
    0.495495495    0.055418053    0.055418053    0.055418053
    0.510510511    0.057244014    0.057244014    0.057244014
    0.525525526    0.059083785    0.059083785    0.059083785
    0.540540541    0.060937879    0.060937879    0.060937879
    0.555555556    0.062806814    0.062806814    0.062806814
    0.570570571    0.064691124    0.064691124    0.064691124
    0.585585586    0.066591351    0.066591351    0.066591351
    0.600600601    0.068508048    0.068508048    0.068508048
    0.615615616    0.070441783    0.070441783    0.070441783
    0.630630631    0.072393133    0.072393133    0.072393133
    0.645645646    0.074362692    0.074362692    0.074362692
    0.660660661    0.076351063    0.076351063    0.076351063
    0.675675676    0.078358867    0.078358867    0.078358867
    0.690690691    0.080386738    0.080386738    0.080386738
    0.705705706    0.082435326    0.082435326    0.082435326
    0.720720721    0.084505296    0.084505296    0.084505296
    0.735735736    0.086597332    0.086597332    0.086597332
    0.750750751    0.088712134    0.088712134    0.088712134
    0.765765766    0.090850419    0.090850419    0.090850419
    0.780780781    0.093012925    0.093012925    0.093012925
    0.795795796    0.095200410    0.095200410    0.095200410
    0.810810811    0.097413650    0.097413650    0.097413650
    0.825825826    0.099653446    0.099653446    0.099653446
    0.840840841    0.101920618    0.101920618    0.101920618
    0.855855856    0.104216012    0.104216012    0.104216012
    0.870870871    0.106540497    0.106540497    0.106540497
    0.885885886    0.108894968    0.108894968    0.108894968
    0.900900901    0.111280346    0.111280346    0.111280346
    0.915915916    0.113697579    0.113697579    0.113697579
    0.930930931    0.116147647    0.116147647    0.116147647
    0.945945946    0.118631557    0.118631557    0.118631557
    0.960960961    0.121150348    0.121150348    0.121150348
    0.975975976    0.123705093    0.123705093    0.123705093
    0.990990991    0.126296898    0.126296898    0.126296898
    1.006006006    0.128926907    0.128926907    0.128926907
    1.021021021    0.131596299    0.131596299    0.131596299
    1.036036036    0.134306294    0.134306294    0.134306294
    1.051051051    0.137058152    0.137058152    0.137058152
    1.066066066    0.139853177    0.139853177    0.139853177
    1.081081081    0.142692716    0.142692716    0.142692716
    1.096096096    0.145578165    0.145578165    0.145578165
    1.111111111    0.148510969    0.148510969    0.148510969
    1.126126126    0.151492624    0.151492624    0.151492624
    1.141141141    0.154524679    0.154524679    0.154524679
    1.156156156    0.157608742    0.157608742    0.157608742
    1.171171171    0.160746479    0.160746479    0.160746479
    1.186186186    0.163939618    0.163939618    0.163939618
    1.201201201    0.167189953    0.167189953    0.167189953
    1.216216216    0.170499347    0.170499347    0.170499347
    1.231231231    0.173869736    0.173869736    0.173869736
    1.246246246    0.177303129    0.177303129    0.177303129
    1.261261261    0.180801617    0.180801617    0.180801617
    1.276276276    0.184367375    0.184367375    0.184367375
    1.291291291    0.188002666    0.188002666    0.188002666
    1.306306306    0.191709846    0.191709846    0.191709846
    1.321321321    0.195491368    0.195491368    0.195491368
    1.336336336    0.199349789    0.199349789    0.199349789
    1.351351351    0.203287777    0.203287777    0.203287777
    1.366366366    0.207308111    0.207308111    0.207308111
    1.381381381    0.211413695    0.211413695    0.211413695
    1.396396396    0.215607560    0.215607560    0.215607560
    1.411411411    0.219892872    0.219892872    0.219892872
    1.426426426    0.224272941    0.224272941    0.224272941
    1.441441441    0.228751230    0.228751230    0.228751230
    1.456456456    0.233331361    0.233331361    0.233331361
    1.471471471    0.238017128    0.238017128    0.238017128
    1.486486486    0.242812505    0.242812505    0.242812505
    1.501501502    0.247721658    0.247721658    0.247721658
    1.516516517    0.252748960    0.252748960    0.252748960
    1.531531532    0.257898996    0.257898996    0.257898996
    1.546546547    0.263176585    0.263176585    0.263176585
    1.561561562    0.268586790    0.268586790    0.268586790
    1.576576577    0.274134938    0.274134938    0.274134938
    1.591591592    0.279826634    0.279826634    0.279826634
    1.606606607    0.285667780    0.285667780    0.285667780
    1.621621622    0.291664599    0.291664599    0.291664599
    1.636636637    0.297823651    0.297823651    0.297823651
    1.651651652    0.304151866    0.304151866    0.304151866
    1.666666667    0.310656559    0.310656559    0.310656559
    1.681681682    0.317345468    0.317345468    0.317345468
    1.696696697    0.324226780    0.324226780    0.324226780
    1.711711712    0.331309165    0.331309165    0.331309165
    1.726726727    0.338601814    0.338601814    0.338601814
    1.741741742    0.346114481    0.346114481    0.346114481
    1.756756757    0.353857523    0.353857523    0.353857523
    1.771771772    0.361841949    0.361841949    0.361841949
    1.786786787    0.370079479    0.370079479    0.370079479
    1.801801802    0.378582594    0.378582594    0.378582594
    1.816816817    0.387364608    0.387364608    0.387364608
    1.831831832    0.396439736    0.396439736    0.396439736
    1.846846847    0.405823171    0.405823171    0.405823171
    1.861861862    0.415531176    0.415531176    0.415531176
    1.876876877    0.425581177    0.425581177    0.425581177
    1.891891892    0.435991874    0.435991874    0.435991874
    1.906906907    0.446783361    0.446783361    0.446783361
    1.921921922    0.457977258    0.457977258    0.457977258
    1.936936937    0.469596866    0.469596866    0.469596866
    1.951951952    0.481667334    0.481667334    0.481667334
    1.966966967    0.494215851    0.494215851    0.494215851
    1.981981982    0.507271860    0.507271860    0.507271860
    1.996996997    0.520867304    0.520867304    0.520867304
    2.012012012    0.535036898    0.535036898    0.535036898
    2.027027027    0.549818451    0.549818451    0.549818451
    2.042042042    0.565253219    0.565253219    0.565253219
    2.057057057    0.581386320    0.581386320    0.581386320
    2.072072072    0.598267207    0.598267207    0.598267207
    2.087087087    0.615950216    0.615950216    0.615950216
    2.102102102    0.634495197    0.634495197    0.634495197
    2.117117117    0.653968254    0.653968254    0.653968254
    2.132132132    0.674442600    0.674442600    0.674442600
    2.147147147    0.695999575    0.695999575    0.695999575
    2.162162162    0.718729832    0.718729832    0.718729832
    2.177177177    0.742734754    0.742734754    0.742734754
    2.192192192    0.768128138    0.768128138    0.768128138
    2.207207207    0.795038219    0.795038219    0.795038219
    2.222222222    0.823610114    0.823610114    0.823610114
    2.237237237    0.854008791    0.854008791    0.854008791
    2.252252252    0.886422711    0.886422711    0.886422711
    2.267267267    0.921068327    0.921068327    0.921068327
    2.282282282    0.958195688    0.958195688    0.958195688
    2.297297297    0.998095497    0.998095497    0.998095497
    2.312312312    1.041108082    1.041108082    1.041108082
    2.327327327    1.087634940    1.087634940    1.087634940
    2.342342342    1.138153775    1.138153775    1.138153775
    2.357357357    1.193238354    1.193238354    1.193238354
    2.372372372    1.253585141    1.253585141    1.253585141
    2.387387387    1.320049584    1.320049584    1.320049584
    2.402402402    1.393696485    1.393696485    1.393696485
    2.417417417    1.475871252    1.475871252    1.475871252
    2.432432432    1.568302774    1.568302774    1.568302774
    2.447447447    1.673255070    1.673255070    1.673255070
    2.462462462    1.793755156    1.793755156    1.793755156
    2.477477477    1.933940251    1.933940251    1.933940251
    2.492492492    2.099586572    2.099586572    2.099586572
    2.507507508    2.298884843    2.298884843    2.298884843
    2.522522523    2.543419664    2.543419664    2.543419664
    2.537537538    2.848750315    2.848750315    2.848750315
    2.552552553    3.232200453    3.232200453    3.232200453
    2.567567568    3.703032570    3.703032570    3.703032570
    2.582582583    4.247169704    4.247169704    4.247169704
    2.597597598    4.832298130    4.832298130    4.832298130
    2.612612613    5.444974200    5.444974200    5.444974200
    2.627627628    6.104781808    6.104781808    6.104781808
    2.642642643    6.831639421    6.831639421    6.831639421
    2.657657658    7.631948031    7.631948031    7.631948031
    2.672672673    8.531493387    8.531493387    8.531493387
    2.687687688    9.595139876    9.595139876    9.595139876
    2.702702703   10.888257574   10.888257574   10.888257574
    2.717717718   12.456644864   12.456644864   12.456644864
    2.732732733   14.284372662   14.284372662   14.284372662
    2.747747748   16.213513724   16.213513724   16.213513724
    2.762762763   18.017371090   18.017371090   18.017371090
    2.777777778   19.499047057   19.499047057   19.499047057
    2.792792793   20.561176214   20.561176214   20.561176214
    2.807807808   21.280757083   21.280757083   21.280757083
    2.822822823   21.767237350   21.767237350   21.767237350
    2.837837838   22.061165791   22.061165791   22.061165791
    2.852852853   22.306469672   22.306469672   22.306469671
    2.867867868   22.708185857   22.708185857   22.708185857
    2.882882883   23.308547565   23.308547565   23.308547565
    2.897897898   23.940083685   23.940083685   23.940083685
    2.912912913   24.403792343   24.403792343   24.403792343
    2.927927928   24.654598686   24.654598686   24.654598686
    2.942942943   24.762100388   24.762100388   24.762100388
    2.957957958   24.798868365   24.798868365   24.798868365
    2.972972973   24.857883350   24.857883350   24.857883350
    2.987987988   25.017374732   25.017374732   25.017374732
    3.003003003   25.287762510   25.287762510   25.287762510
    3.018018018   25.627665780   25.627665780   25.627665780
    3.033033033   25.933866612   25.933866612   25.933866612
    3.048048048   26.164899076   26.164899076   26.164899076
    3.063063063   26.397799687   26.397799687   26.397799687
    3.078078078   26.683802957   26.683802957   26.683802957
    3.093093093   26.995188316   26.995188316   26.995188316
    3.108108108   27.309889617   27.309889617   27.309889617
    3.123123123   27.629848710   27.629848710   27.629848710
    3.138138138   27.893307708   27.893307708   27.893307708
    3.153153153   28.043073186   28.043073186   28.043073186
    3.168168168   28.110562135   28.110562135   28.110562135
    3.183183183   28.170259309   28.170259309   28.170259309
    3.198198198   28.249484544   28.249484544   28.249484544
    3.213213213   28.307576552   28.307576552   28.307576552
    3.228228228   28.358683439   28.358683439   28.358683439
    3.243243243   28.448987496   28.448987496   28.448987496
    3.258258258   28.596546430   28.596546430   28.596546430
    3.273273273   28.869093833   28.869093833   28.869093833
    3.288288288   29.286431695   29.286431695   29.286431695
    3.303303303   29.803294925   29.803294925   29.803294925
    3.318318318   30.387947615   30.387947615   30.387947615
    3.333333333   30.979380927   30.979380927   30.979380927
    3.348348348   31.536727960   31.536727960   31.536727960
    3.363363363   32.077324509   32.077324509   32.077324509
    3.378378378   32.633817604   32.633817604   32.633817604
    3.393393393   33.189113993   33.189113993   33.189113994
    3.408408408   33.726887709   33.726887709   33.726887709
    3.423423423   34.294014994   34.294014994   34.294014994
    3.438438438   34.988576917   34.988576917   34.988576917
    3.453453453   35.839944188   35.839944188   35.839944188
    3.468468468   36.839311277   36.839311277   36.839311277
    3.483483483   38.061379365   38.061379365   38.061379365
    3.498498498   39.615589875   39.615589875   39.615589875
    3.513513514   41.572212243   41.572212243   41.572212243
    3.528528529   43.877893929   43.877893928   43.877893928
    3.543543544   46.248856426   46.248856426   46.248856426
    3.558558559   48.280712560   48.280712560   48.280712560
    3.573573574   49.819443657   49.819443657   49.819443657
    3.588588589   51.033014628   51.033014628   51.033014628
    3.603603604   52.204791093   52.204791093   52.204791093
    3.618618619   53.549142986   53.549142986   53.549142986
    3.633633634   55.121493531   55.121493531   55.121493531
    3.648648649   56.886723352   56.886723352   56.886723352
    3.663663664   58.747618942   58.747618942   58.747618942
    3.678678679   60.562112297   60.562112297   60.562112297
    3.693693694   62.248599496   62.248599496   62.248599496
    3.708708709   63.818858456   63.818858456   63.818858456
    3.723723724   65.258509198   65.258509198   65.258509198
    3.738738739   66.377664683   66.377664683   66.377664683
    3.753753754   66.889333359   66.889333359   66.889333359
    3.768768769   66.617413744   66.617413744   66.617413744
    3.783783784   65.498452291   65.498452291   65.498452291
    3.798798799   63.651629643   63.651629643   63.651629643
    3.813813814   61.476170737   61.476170737   61.476170737
    3.828828829   59.378536722   59.378536722   59.378536722
    3.843843844   57.462945945   57.462945945   57.462945945
    3.858858859   55.589064288   55.589064288   55.589064288
    3.873873874   53.466881329   53.466881329   53.466881329
    3.888888889   50.738207947   50.738207947   50.738207947
    3.903903904   47.484797533   47.484797533   47.484797533
    3.918918919   44.342107743   44.342107743   44.342107743
    3.933933934   41.824873532   41.824873532   41.824873532
    3.948948949   40.005919551   40.005919551   40.005919551
    3.963963964   38.704634668   38.704634668   38.704634668
    3.978978979   37.729027060   37.729027060   37.729027060
    3.993993994   36.977076717   36.977076717   36.977076717
    4.009009009   36.349631306   36.349631306   36.349631306
    4.024024024   35.705749332   35.705749332   35.705749332
    4.039039039   34.933810467   34.933810467   34.933810467
    4.054054054   34.003184356   34.003184356   34.003184356
    4.069069069   32.945519352   32.945519352   32.945519352
    4.084084084   31.825914632   31.825914632   31.825914632
    4.099099099   30.747317286   30.747317286   30.747317286
    4.114114114   29.819714261   29.819714261   29.819714261
    4.129129129   29.111140036   29.111140036   29.111140036
    4.144144144   28.585536174   28.585536174   28.585536174
    4.159159159   28.129080783   28.129080783   28.129080783
    4.174174174   27.663502284   27.663502284   27.663502284
    4.189189189   27.222325919   27.222325919   27.222325919
    4.204204204   26.845033354   26.845033354   26.845033354
    4.219219219   26.461699488   26.461699488   26.461699488
    4.234234234   25.989520164   25.989520164   25.989520164
    4.249249249   25.445389570   25.445389570   25.445389570
    4.264264264   24.873776217   24.873776217   24.873776217
    4.279279279   24.284108071   24.284108071   24.284108071
    4.294294294   23.682698272   23.682698272   23.682698272
    4.309309309   23.141226788   23.141226788   23.141226788
    4.324324324   22.817085255   22.817085255   22.817085255
    4.339339339   22.845225091   22.845225091   22.845225091
    4.354354354   23.190077690   23.190077690   23.190077690
    4.369369369   23.620959270   23.620959270   23.620959270
    4.384384384   23.920248314   23.920248314   23.920248314
    4.399399399   24.044863726   24.044863726   24.044863726
    4.414414414   24.066685509   24.066685509   24.066685509
    4.429429429   24.063054885   24.063054885   24.063054885
    4.444444444   24.076931281   24.076931281   24.076931281
    4.459459459   24.155228478   24.155228478   24.155228478
    4.474474474   24.320847540   24.320847540   24.320847540
    4.489489489   24.524069115   24.524069115   24.524069115
    4.504504505   24.699398256   24.699398256   24.699398256
    4.519519520   24.784102751   24.784102751   24.784102751
    4.534534535   24.679209201   24.679209201   24.679209201
    4.549549550   24.309484603   24.309484603   24.309484603
    4.564564565   23.732980606   23.732980606   23.732980606
    4.579579580   23.089447882   23.089447882   23.089447882
    4.594594595   22.460306659   22.460306659   22.460306659
    4.609609610   21.896413765   21.896413765   21.896413765
    4.624624625   21.469143232   21.469143232   21.469143232
    4.639639640   21.222659850   21.222659850   21.222659850
    4.654654655   21.129537162   21.129537162   21.129537162
    4.669669670   21.103401783   21.103401783   21.103401783
    4.684684685   21.041915052   21.041915051   21.041915052
    4.699699700   20.857833655   20.857833655   20.857833655
    4.714714715   20.531615852   20.531615852   20.531615852
    4.729729730   20.099176045   20.099176045   20.099176045
    4.744744745   19.611566834   19.611566834   19.611566834
    4.759759760   19.122062442   19.122062442   19.122062442
    4.774774775   18.674840004   18.674840004   18.674840004
    4.789789790   18.283444498   18.283444498   18.283444498
    4.804804805   17.918924373   17.918924373   17.918924373
    4.819819820   17.575315077   17.575315077   17.575315077
    4.834834835   17.285760644   17.285760644   17.285760644
    4.849849850   17.038831596   17.038831596   17.038831596
    4.864864865   16.765105263   16.765105263   16.765105263
    4.879879880   16.398266950   16.398266950   16.398266950
    4.894894895   15.920504054   15.920504054   15.920504054
    4.909909910   15.388478061   15.388478061   15.388478061
    4.924924925   14.902948296   14.902948296   14.902948296
    4.939939940   14.528396688   14.528396688   14.528396688
    4.954954955   14.281513552   14.281513552   14.281513552
    4.969969970   14.161117189   14.161117189   14.161117189
    4.984984985   14.169161357   14.169161357   14.169161357
    5.000000000   14.304842739   14.304842739   14.304842739
    5.015015015   14.530576754   14.530576754   14.530576754
    5.030030030   14.769585714   14.769585714   14.769585714
    5.045045045   14.948591727   14.948591727   14.948591727
    5.060060060   15.022793010   15.022793010   15.022793010
    5.075075075   14.982069535   14.982069535   14.982069535
    5.090090090   14.864222269   14.864222269   14.864222269
    5.105105105   14.719239243   14.719239243   14.719239243
    5.120120120   14.556153455   14.556153455   14.556153455
    5.135135135   14.356257126   14.356257126   14.356257126
    5.150150150   14.097478997   14.097478997   14.097478997
    5.165165165   13.770872143   13.770872143   13.770872143
    5.180180180   13.395937502   13.395937502   13.395937502
    5.195195195   12.991686077   12.991686077   12.991686077
    5.210210210   12.580784411   12.580784411   12.580784411
    5.225225225   12.208710576   12.208710576   12.208710576
    5.240240240   11.901439537   11.901439537   11.901439537
    5.255255255   11.658409668   11.658409668   11.658409668
    5.270270270   11.475617184   11.475617184   11.475617184
    5.285285285   11.357138483   11.357138483   11.357138483
    5.300300300   11.301080451   11.301080451   11.301080451
    5.315315315   11.281327995   11.281327995   11.281327995
    5.330330330   11.263868940   11.263868940   11.263868940
    5.345345345   11.240417321   11.240417321   11.240417321
    5.360360360   11.219649842   11.219649842   11.219649842
    5.375375375   11.214109849   11.214109849   11.214109849
    5.390390390   11.233146700   11.233146700   11.233146700
    5.405405405   11.252735723   11.252735723   11.252735723
    5.420420420   11.221523517   11.221523517   11.221523517
    5.435435435   11.120255064   11.120255064   11.120255064
    5.450450450   10.980783235   10.980783235   10.980783235
    5.465465465   10.847883446   10.847883446   10.847883446
    5.480480480   10.748017747   10.748017747   10.748017747
    5.495495495   10.673241465   10.673241465   10.673241465
    5.510510511   10.588764854   10.588764854   10.588764854
    5.525525526   10.453649741   10.453649741   10.453649741
    5.540540541   10.238058654   10.238058654   10.238058654
    5.555555556    9.945710805    9.945710805    9.945710805
    5.570570571    9.628471077    9.628471077    9.628471077
    5.585585586    9.345176215    9.345176215    9.345176215
    5.600600601    9.098975593    9.098975593    9.098975593
    5.615615616    8.860127082    8.860127083    8.860127083
    5.630630631    8.628183984    8.628183984    8.628183984
    5.645645646    8.437378117    8.437378117    8.437378117
    5.660660661    8.319662422    8.319662422    8.319662422
    5.675675676    8.270840508    8.270840508    8.270840508
    5.690690691    8.246980479    8.246980479    8.246980479
    5.705705706    8.210275219    8.210275219    8.210275219
    5.720720721    8.178014762    8.178014762    8.178014762
    5.735735736    8.198312202    8.198312202    8.198312202
    5.750750751    8.304680484    8.304680484    8.304680484
    5.765765766    8.495943947    8.495943947    8.495943947
    5.780780781    8.719084026    8.719084026    8.719084026
    5.795795796    8.878309008    8.878309008    8.878309008
    5.810810811    8.919432008    8.919432008    8.919432008
    5.825825826    8.866291000    8.866291000    8.866291000
    5.840840841    8.759694963    8.759694963    8.759694963
    5.855855856    8.617316883    8.617316883    8.617316883
    5.870870871    8.439470259    8.439470259    8.439470259
    5.885885886    8.225117928    8.225117928    8.225117928
    5.900900901    7.978951259    7.978951259    7.978951259
    5.915915916    7.695212416    7.695212416    7.695212416
    5.930930931    7.364999070    7.364999070    7.364999070
    5.945945946    7.028234749    7.028234749    7.028234749
    5.960960961    6.750073760    6.750073760    6.750073760
    5.975975976    6.547567333    6.547567333    6.547567333
    5.990990991    6.393310499    6.393310499    6.393310499
    6.006006006    6.269090648    6.269090648    6.269090648
    6.021021021    6.174121064    6.174121064    6.174121064
    6.036036036    6.106636155    6.106636155    6.106636155
    6.051051051    6.066954151    6.066954151    6.066954151
    6.066066066    6.060586628    6.060586628    6.060586628
    6.081081081    6.094722276    6.094722276    6.094722276
    6.096096096    6.178038248    6.178038248    6.178038248
    6.111111111    6.314525073    6.314525073    6.314525073
    6.126126126    6.498981840    6.498981840    6.498981840
    6.141141141    6.707615760    6.707615760    6.707615760
    6.156156156    6.893550552    6.893550552    6.893550552
    6.171171171    7.001786152    7.001786152    7.001786152
    6.186186186    6.983619209    6.983619209    6.983619209
    6.201201201    6.831342655    6.831342655    6.831342655
    6.216216216    6.603423255    6.603423255    6.603423255
    6.231231231    6.377938636    6.377938636    6.377938636
    6.246246246    6.198449522    6.198449522    6.198449522
    6.261261261    6.052766486    6.052766486    6.052766486
    6.276276276    5.896031219    5.896031219    5.896031219
    6.291291291    5.704866292    5.704866292    5.704866292
    6.306306306    5.496792331    5.496792331    5.496792331
    6.321321321    5.301493274    5.301493274    5.301493274
    6.336336336    5.137213604    5.137213604    5.137213604
    6.351351351    5.011404829    5.011404829    5.011404829
    6.366366366    4.924883298    4.924883298    4.924883298
    6.381381381    4.872462613    4.872462613    4.872462613
    6.396396396    4.838000823    4.838000823    4.838000823
    6.411411411    4.805178331    4.805178331    4.805178331
    6.426426426    4.776774327    4.776774327    4.776774327
    6.441441441    4.766462402    4.766462402    4.766462402
    6.456456456    4.786941688    4.786941688    4.786941688
    6.471471471    4.848084337    4.848084337    4.848084337
    6.486486486    4.946277462    4.946277462    4.946277462
    6.501501502    5.063290618    5.063290618    5.063290618
    6.516516517    5.177118691    5.177118691    5.177118691
    6.531531532    5.263589508    5.263589508    5.263589508
    6.546546547    5.299944947    5.299944947    5.299944947
    6.561561562    5.276978809    5.276978809    5.276978809
    6.576576577    5.200064131    5.200064131    5.200064131
    6.591591592    5.089953984    5.089953984    5.089953984
    6.606606607    4.980120603    4.980120603    4.980120603
    6.621621622    4.889595407    4.889595407    4.889595407
    6.636636637    4.813557473    4.813557473    4.813557473
    6.651651652    4.739336697    4.739336697    4.739336697
    6.666666667    4.656759635    4.656759635    4.656759635
    6.681681682    4.565537042    4.565537042    4.565537042
    6.696696697    4.473067924    4.473067924    4.473067924
    6.711711712    4.386705058    4.386705058    4.386705058
    6.726726727    4.305304308    4.305304308    4.305304308
    6.741741742    4.224034611    4.224034611    4.224034611
    6.756756757    4.146119425    4.146119425    4.146119425
    6.771771772    4.086715522    4.086715522    4.086715522
    6.786786787    4.064448046    4.064448046    4.064448046
    6.801801802    4.081772287    4.081772287    4.081772287
    6.816816817    4.126988081    4.126988081    4.126988081
    6.831831832    4.187488106    4.187488106    4.187488106
    6.846846847    4.258703021    4.258703021    4.258703021
    6.861861862    4.340727001    4.340727001    4.340727001
    6.876876877    4.426421899    4.426421899    4.426421899
    6.891891892    4.498425001    4.498425001    4.498425001
    6.906906907    4.535328646    4.535328646    4.535328646
    6.921921922    4.532996675    4.532996675    4.532996675
    6.936936937    4.513455304    4.513455304    4.513455304
    6.951951952    4.494703776    4.494703776    4.494703776
    6.966966967    4.469708221    4.469708221    4.469708221
    6.981981982    4.428799843    4.428799843    4.428799843
    6.996996997    4.378419063    4.378419063    4.378419063
    7.012012012    4.325327462    4.325327462    4.325327462
    7.027027027    4.261187575    4.261187575    4.261187575
    7.042042042    4.179715196    4.179715196    4.179715196
    7.057057057    4.090984117    4.090984117    4.090984117
    7.072072072    4.008060215    4.008060215    4.008060215
    7.087087087    3.939164756    3.939164756    3.939164756
    7.102102102    3.893072874    3.893072874    3.893072874
    7.117117117    3.871693337    3.871693337    3.871693337
    7.132132132    3.859401850    3.859401850    3.859401850
    7.147147147    3.832736858    3.832736858    3.832736858
    7.162162162    3.785654559    3.785654559    3.785654559
    7.177177177    3.736501302    3.736501302    3.736501302
    7.192192192    3.705102242    3.705102242    3.705102242
    7.207207207    3.692588088    3.692588088    3.692588088
    7.222222222    3.684567076    3.684567076    3.684567076
    7.237237237    3.675332939    3.675332939    3.675332939
    7.252252252    3.676409410    3.676409410    3.676409410
    7.267267267    3.698352691    3.698352691    3.698352691
    7.282282282    3.737588617    3.737588617    3.737588617
    7.297297297    3.776022757    3.776022757    3.776022757
    7.312312312    3.792351151    3.792351151    3.792351151
    7.327327327    3.780305011    3.780305011    3.780305011
    7.342342342    3.753784816    3.753784815    3.753784815
    7.357357357    3.727949075    3.727949075    3.727949075
    7.372372372    3.699447410    3.699447410    3.699447410
    7.387387387    3.659074277    3.659074277    3.659074277
    7.402402402    3.610920688    3.610920688    3.610920688
    7.417417417    3.560331811    3.560331811    3.560331811
    7.432432432    3.500491473    3.500491473    3.500491473
    7.447447447    3.423370590    3.423370590    3.423370590
    7.462462462    3.333445226    3.333445226    3.333445226
    7.477477477    3.246574109    3.246574109    3.246574109
    7.492492492    3.174199869    3.174199869    3.174199869
    7.507507508    3.116770868    3.116770868    3.116770868
    7.522522523    3.070990308    3.070990308    3.070990308
    7.537537538    3.031706471    3.031706471    3.031706471
    7.552552553    2.992024913    2.992024913    2.992024913
    7.567567568    2.948614511    2.948614511    2.948614511
    7.582582583    2.904904168    2.904904168    2.904904168
    7.597597598    2.865288748    2.865288748    2.865288748
    7.612612613    2.833518026    2.833518026    2.833518026
    7.627627628    2.816266556    2.816266556    2.816266556
    7.642642643    2.823096687    2.823096687    2.823096687
    7.657657658    2.859109803    2.859109803    2.859109803
    7.672672673    2.921883620    2.921883620    2.921883620
    7.687687688    3.005158985    3.005158985    3.005158985
    7.702702703    3.097130329    3.097130329    3.097130329
    7.717717718    3.179321865    3.179321865    3.179321865
    7.732732733    3.232696747    3.232696747    3.232696747
    7.747747748    3.246476873    3.246476873    3.246476873
    7.762762763    3.215967099    3.215967099    3.215967099
    7.777777778    3.146632670    3.146632670    3.146632670
    7.792792793    3.058690922    3.058690922    3.058690922
    7.807807808    2.973731978    2.973731978    2.973731978
    7.822822823    2.902992373    2.902992373    2.902992373
    7.837837838    2.844238618    2.844238618    2.844238618
    7.852852853    2.791748176    2.791748176    2.791748176
    7.867867868    2.743729768    2.743729768    2.743729768
    7.882882883    2.699924666    2.699924666    2.699924666
    7.897897898    2.658573611    2.658573611    2.658573611
    7.912912913    2.617018506    2.617018506    2.617018506
    7.927927928    2.577567494    2.577567494    2.577567494
    7.942942943    2.546795572    2.546795572    2.546795572
    7.957957958    2.527214286    2.527214286    2.527214286
    7.972972973    2.517787826    2.517787826    2.517787826
    7.987987988    2.518361679    2.518361679    2.518361679
    8.003003003    2.527256425    2.527256425    2.527256425
    8.018018018    2.536885016    2.536885016    2.536885016
    8.033033033    2.539342007    2.539342007    2.539342007
    8.048048048    2.533845847    2.533845847    2.533845847
    8.063063063    2.527626874    2.527626874    2.527626874
    8.078078078    2.525552671    2.525552671    2.525552671
    8.093093093    2.528882150    2.528882150    2.528882150
    8.108108108    2.540844282    2.540844282    2.540844282
    8.123123123    2.558588947    2.558588947    2.558588947
    8.138138138    2.567207609    2.567207609    2.567207609
    8.153153153    2.552899385    2.552899385    2.552899385
    8.168168168    2.517098874    2.517098874    2.517098874
    8.183183183    2.472593504    2.472593504    2.472593504
    8.198198198    2.428149537    2.428149537    2.428149537
    8.213213213    2.386622299    2.386622299    2.386622299
    8.228228228    2.350789067    2.350789067    2.350789067
    8.243243243    2.319994520    2.319994520    2.319994520
    8.258258258    2.287996864    2.287996864    2.287996864
    8.273273273    2.252554951    2.252554951    2.252554951
    8.288288288    2.221018106    2.221018106    2.221018106
    8.303303303    2.197436902    2.197436902    2.197436902
    8.318318318    2.177753354    2.177753354    2.177753354
    8.333333333    2.160254902    2.160254902    2.160254902
    8.348348348    2.146063411    2.146063411    2.146063411
    8.363363363    2.130026985    2.130026985    2.130026985
    8.378378378    2.104985317    2.104985317    2.104985317
    8.393393393    2.076762169    2.076762169    2.076762169
    8.408408408    2.058631719    2.058631719    2.058631719
    8.423423423    2.055504586    2.055504586    2.055504586
    8.438438438    2.062985101    2.062985101    2.062985101
    8.453453453    2.072832563    2.072832563    2.072832563
    8.468468468    2.077141382    2.077141382    2.077141382
    8.483483483    2.075793129    2.075793129    2.075793129
    8.498498498    2.071267922    2.071267922    2.071267922
    8.513513514    2.061780632    2.061780632    2.061780632
    8.528528529    2.051004466    2.051004466    2.051004466
    8.543543544    2.047187304    2.047187304    2.047187304
    8.558558559    2.051051197    2.051051197    2.051051197
    8.573573574    2.052817119    2.052817119    2.052817119
    8.588588589    2.043007590    2.043007590    2.043007590
    8.603603604    2.023855021    2.023855021    2.023855021
    8.618618619    2.003654865    2.003654865    2.003654865
    8.633633634    1.984886451    1.984886451    1.984886451
    8.648648649    1.963593436    1.963593436    1.963593436
    8.663663664    1.939353453    1.939353453    1.939353453
    8.678678679    1.918008665    1.918008665    1.918008665
    8.693693694    1.900159088    1.900159088    1.900159088
    8.708708709    1.876265184    1.876265184    1.876265184
    8.723723724    1.840936851    1.840936851    1.840936851
    8.738738739    1.802491432    1.802491432    1.802491432
    8.753753754    1.770172245    1.770172245    1.770172245
    8.768768769    1.745167187    1.745167187    1.745167187
    8.783783784    1.724279360    1.724279360    1.724279360
    8.798798799    1.706451533    1.706451533    1.706451533
    8.813813814    1.695871244    1.695871244    1.695871244
    8.828828829    1.692810139    1.692810139    1.692810139
    8.843843844    1.689664648    1.689664648    1.689664648
    8.858858859    1.680670864    1.680670864    1.680670864
    8.873873874    1.666912915    1.666912915    1.666912915
    8.888888889    1.654248721    1.654248721    1.654248721
    8.903903904    1.647579077    1.647579077    1.647579077
    8.918918919    1.644411454    1.644411454    1.644411454
    8.933933934    1.636961745    1.636961745    1.636961745
    8.948948949    1.620649322    1.620649322    1.620649322
    8.963963964    1.599206272    1.599206272    1.599206272
    8.978978979    1.581799076    1.581799076    1.581799076
    8.993993994    1.575523407    1.575523407    1.575523407
    9.009009009    1.580023514    1.580023514    1.580023514
    9.024024024    1.586769667    1.586769667    1.586769667
    9.039039039    1.586652220    1.586652220    1.586652220
    9.054054054    1.578182465    1.578182465    1.578182465
    9.069069069    1.565170721    1.565170721    1.565170721
    9.084084084    1.549858057    1.549858057    1.549858057
    9.099099099    1.533888222    1.533888222    1.533888222
    9.114114114    1.520195835    1.520195835    1.520195835
    9.129129129    1.509598523    1.509598523    1.509598523
    9.144144144    1.499301844    1.499301844    1.499301844
    9.159159159    1.484741427    1.484741427    1.484741427
    9.174174174    1.464654375    1.464654375    1.464654375
    9.189189189    1.442539659    1.442539659    1.442539659
    9.204204204    1.422077655    1.422077655    1.422077655
    9.219219219    1.405337934    1.405337934    1.405337934
    9.234234234    1.394106956    1.394106956    1.394106956
    9.249249249    1.387860391    1.387860391    1.387860391
    9.264264264    1.380886836    1.380886836    1.380886836
    9.279279279    1.368177411    1.368177411    1.368177411
    9.294294294    1.351788266    1.351788266    1.351788266
    9.309309309    1.337395807    1.337395807    1.337395807
    9.324324324    1.327480911    1.327480911    1.327480911
    9.339339339    1.321606381    1.321606381    1.321606381
    9.354354354    1.319614461    1.319614461    1.319614461
    9.369369369    1.322319268    1.322319268    1.322319268
    9.384384384    1.327269773    1.327269773    1.327269773
    9.399399399    1.328087877    1.328087877    1.328087877
    9.414414414    1.323804735    1.323804735    1.323804735
    9.429429429    1.320511172    1.320511172    1.320511172
    9.444444444    1.320953859    1.320953859    1.320953859
    9.459459459    1.322842726    1.322842726    1.322842726
    9.474474474    1.323802775    1.323802775    1.323802775
    9.489489489    1.321675939    1.321675939    1.321675939
    9.504504505    1.314032664    1.314032664    1.314032664
    9.519519520    1.301427928    1.301427928    1.301427928
    9.534534535    1.286951289    1.286951289    1.286951289
    9.549549550    1.270819714    1.270819714    1.270819714
    9.564564565    1.252920531    1.252920531    1.252920531
    9.579579580    1.236197535    1.236197535    1.236197535
    9.594594595    1.222445669    1.222445669    1.222445669
    9.609609610    1.209186024    1.209186024    1.209186024
    9.624624625    1.194847735    1.194847735    1.194847735
    9.639639640    1.183053519    1.183053519    1.183053519
    9.654654655    1.177212859    1.177212859    1.177212859
    9.669669670    1.175396883    1.175396883    1.175396883
    9.684684685    1.172893672    1.172893672    1.172893672
    9.699699700    1.167824342    1.167824342    1.167824342
    9.714714715    1.161479892    1.161479892    1.161479892
    9.729729730    1.153951061    1.153951061    1.153951061
    9.744744745    1.144402136    1.144402136    1.144402136
    9.759759760    1.135021290    1.135021290    1.135021290
    9.774774775    1.129360233    1.129360233    1.129360233
    9.789789790    1.126320214    1.126320214    1.126320214
    9.804804805    1.121505191    1.121505191    1.121505191
    9.819819820    1.114486332    1.114486332    1.114486332
    9.834834835    1.108482130    1.108482130    1.108482130
    9.849849850    1.105108374    1.105108374    1.105108374
    9.864864865    1.104467117    1.104467117    1.104467117
    9.879879880    1.107282910    1.107282910    1.107282910
    9.894894895    1.113212510    1.113212510    1.113212510
    9.909909910    1.119397586    1.119397586    1.119397586
    9.924924925    1.120973849    1.120973849    1.120973849
    9.939939940    1.114644467    1.114644467    1.114644467
    9.954954955    1.102226382    1.102226382    1.102226382
    9.969969970    1.089091366    1.089091366    1.089091366
    9.984984985    1.078714397    1.078714397    1.078714397
   10.000000000    1.070493270    1.070493270    1.070493270
   10.015015015    1.061377855    1.061377855    1.061377855
   10.030030030    1.050236230    1.050236230    1.050236230
   10.045045045    1.038931923    1.038931923    1.038931923
   10.060060060    1.028492847    1.028492847    1.028492847
   10.075075075    1.018626893    1.018626893    1.018626893
   10.090090090    1.008814581    1.008814581    1.008814581
   10.105105105    1.000108918    1.000108918    1.000108918
   10.120120120    0.996288687    0.996288687    0.996288687
   10.135135135    0.998635224    0.998635224    0.998635224
   10.150150150    1.002929525    1.002929525    1.002929525
   10.165165165    1.003185444    1.003185444    1.003185444
   10.180180180    0.997637597    0.997637597    0.997637597
   10.195195195    0.989747961    0.989747961    0.989747961
   10.210210210    0.983756997    0.983756997    0.983756997
   10.225225225    0.980259213    0.980259213    0.980259213
   10.240240240    0.976270134    0.976270134    0.976270134
   10.255255255    0.969238766    0.969238766    0.969238766
   10.270270270    0.958993308    0.958993308    0.958993308
   10.285285285    0.947597660    0.947597660    0.947597660
   10.300300300    0.939009746    0.939009746    0.939009746
   10.315315315    0.937041851    0.937041851    0.937041851
   10.330330330    0.942572749    0.942572749    0.942572749
   10.345345345    0.952145365    0.952145365    0.952145365
   10.360360360    0.959848968    0.959848968    0.959848968
   10.375375375    0.960857764    0.960857764    0.960857764
   10.390390390    0.954400359    0.954400359    0.954400359
   10.405405405    0.942755906    0.942755906    0.942755906
   10.420420420    0.928702737    0.928702737    0.928702737
   10.435435435    0.915877597    0.915877597    0.915877597
   10.450450450    0.907608243    0.907608243    0.907608243
   10.465465465    0.904108481    0.904108481    0.904108481
   10.480480480    0.902610127    0.902610127    0.902610127
   10.495495495    0.900158468    0.900158468    0.900158468
   10.510510511    0.894689378    0.894689378    0.894689378
   10.525525526    0.885829877    0.885829877    0.885829877
   10.540540541    0.875085064    0.875085064    0.875085064
   10.555555556    0.863750164    0.863750164    0.863750164
   10.570570571    0.852708080    0.852708080    0.852708080
   10.585585586    0.842343170    0.842343170    0.842343170
   10.600600601    0.831024754    0.831024754    0.831024754
   10.615615616    0.817896409    0.817896409    0.817896409
   10.630630631    0.806048020    0.806048020    0.806048020
   10.645645646    0.799185426    0.799185426    0.799185426
   10.660660661    0.797983969    0.797983969    0.797983969
   10.675675676    0.800375995    0.800375995    0.800375995
   10.690690691    0.804145276    0.804145276    0.804145276
   10.705705706    0.808592637    0.808592637    0.808592637
   10.720720721    0.815105974    0.815105974    0.815105974
   10.735735736    0.825629404    0.825629404    0.825629404
   10.750750751    0.839698389    0.839698389    0.839698389
   10.765765766    0.853256008    0.853256008    0.853256008
   10.780780781    0.861838226    0.861838226    0.861838226
   10.795795796    0.863640776    0.863640776    0.863640776
   10.810810811    0.858243801    0.858243801    0.858243801
   10.825825826    0.845738739    0.845738739    0.845738739
   10.840840841    0.828129772    0.828129772    0.828129772
   10.855855856    0.808803370    0.808803370    0.808803370
   10.870870871    0.790180314    0.790180314    0.790180314
   10.885885886    0.774382592    0.774382592    0.774382592
   10.900900901    0.763552062    0.763552062    0.763552062
   10.915915916    0.756963218    0.756963218    0.756963218
   10.930930931    0.751931936    0.751931936    0.751931936
   10.945945946    0.746326325    0.746326325    0.746326325
   10.960960961    0.739405356    0.739405356    0.739405356
   10.975975976    0.733080627    0.733080627    0.733080627
   10.990990991    0.730046975    0.730046975    0.730046975
   11.006006006    0.730569263    0.730569263    0.730569263
   11.021021021    0.732565864    0.732565864    0.732565864
   11.036036036    0.734438129    0.734438129    0.734438129
   11.051051051    0.736197295    0.736197295    0.736197295
   11.066066066    0.738258989    0.738258989    0.738258989
   11.081081081    0.740754696    0.740754696    0.740754696
   11.096096096    0.743276098    0.743276098    0.743276098
   11.111111111    0.744891232    0.744891232    0.744891232
   11.126126126    0.743685592    0.743685592    0.743685592
   11.141141141    0.738440526    0.738440526    0.738440526
   11.156156156    0.730611913    0.730611913    0.730611913
   11.171171171    0.722520089    0.722520089    0.722520089
   11.186186186    0.716153643    0.716153643    0.716153643
   11.201201201    0.712723848    0.712723848    0.712723848
   11.216216216    0.711648150    0.711648150    0.711648150
   11.231231231    0.710803084    0.710803084    0.710803084
   11.246246246    0.707768214    0.707768214    0.707768214
   11.261261261    0.701468518    0.701468518    0.701468518
   11.276276276    0.693323742    0.693323742    0.693323742
   11.291291291    0.685974993    0.685974993    0.685974993
   11.306306306    0.681217260    0.681217260    0.681217260
   11.321321321    0.679147005    0.679147005    0.679147005
   11.336336336    0.678571720    0.678571720    0.678571720
   11.351351351    0.677947046    0.677947046    0.677947046
   11.366366366    0.676361674    0.676361674    0.676361674
   11.381381381    0.673496807    0.673496807    0.673496807
   11.396396396    0.669111756    0.669111756    0.669111756
   11.411411411    0.663173802    0.663173802    0.663173802
   11.426426426    0.656706564    0.656706564    0.656706564
   11.441441441    0.650842796    0.650842796    0.650842797
   11.456456456    0.645961542    0.645961542    0.645961542
   11.471471471    0.641785354    0.641785354    0.641785354
   11.486486486    0.638466440    0.638466440    0.638466440
   11.501501502    0.636306364    0.636306364    0.636306364
   11.516516517    0.635494843    0.635494843    0.635494843
   11.531531532    0.636964236    0.636964236    0.636964236
   11.546546547    0.641219470    0.641219470    0.641219470
   11.561561562    0.646913708    0.646913708    0.646913708
   11.576576577    0.651668560    0.651668560    0.651668560
   11.591591592    0.654115148    0.654115148    0.654115148
   11.606606607    0.654327730    0.654327730    0.654327730
   11.621621622    0.652821767    0.652821767    0.652821767
   11.636636637    0.650159955    0.650159955    0.650159955
   11.651651652    0.646630704    0.646630704    0.646630704
   11.666666667    0.642360560    0.642360560    0.642360560
   11.681681682    0.637760431    0.637760431    0.637760431
   11.696696697    0.633306406    0.633306406    0.633306406
   11.711711712    0.628968344    0.628968344    0.628968344
   11.726726727    0.624445408    0.624445408    0.624445408
   11.741741742    0.620167399    0.620167399    0.620167399
   11.756756757    0.616795371    0.616795371    0.616795371
   11.771771772    0.613750854    0.613750854    0.613750854
   11.786786787    0.609808826    0.609808826    0.609808826
   11.801801802    0.604943672    0.604943672    0.604943672
   11.816816817    0.601093139    0.601093139    0.601093139
   11.831831832    0.600200471    0.600200471    0.600200471
   11.846846847    0.601771960    0.601771960    0.601771960
   11.861861862    0.603439590    0.603439590    0.603439590
   11.876876877    0.603036976    0.603036976    0.603036976
   11.891891892    0.600448129    0.600448129    0.600448129
   11.906906907    0.597251415    0.597251415    0.597251415
   11.921921922    0.594276202    0.594276202    0.594276202
   11.936936937    0.591217427    0.591217427    0.591217427
   11.951951952    0.587804572    0.587804572    0.587804572
   11.966966967    0.584693098    0.584693098    0.584693098
   11.981981982    0.582808229    0.582808229    0.582808229
   11.996996997    0.581798526    0.581798526    0.581798526
   12.012012012    0.580996657    0.580996657    0.580996657
   12.027027027    0.580847313    0.580847313    0.580847313
   12.042042042    0.580962065    0.580962065    0.580962065
   12.057057057    0.578959711    0.578959711    0.578959711
   12.072072072    0.573289510    0.573289510    0.573289510
   12.087087087    0.565243751    0.565243751    0.565243751
   12.102102102    0.557431085    0.557431085    0.557431085
   12.117117117    0.551064904    0.551064904    0.551064904
   12.132132132    0.545954335    0.545954335    0.545954335
   12.147147147    0.541229503    0.541229503    0.541229503
   12.162162162    0.535757446    0.535757446    0.535757446
   12.177177177    0.529447820    0.529447820    0.529447820
   12.192192192    0.522986992    0.522986992    0.522986992
   12.207207207    0.516780403    0.516780403    0.516780403
   12.222222222    0.510758552    0.510758552    0.510758552
   12.237237237    0.505167990    0.505167990    0.505167990
   12.252252252    0.500780072    0.500780072    0.500780072
   12.267267267    0.498905779    0.498905779    0.498905779
   12.282282282    0.500803172    0.500803172    0.500803172
   12.297297297    0.506426942    0.506426942    0.506426942
   12.312312312    0.513579711    0.513579711    0.513579711
   12.327327327    0.518699555    0.518699555    0.518699555
   12.342342342    0.519643716    0.519643716    0.519643716
   12.357357357    0.516951814    0.516951814    0.516951814
   12.372372372    0.512913068    0.512913068    0.512913068
   12.387387387    0.508923659    0.508923659    0.508923659
   12.402402402    0.504492589    0.504492589    0.504492589
   12.417417417    0.499246901    0.499246901    0.499246901
   12.432432432    0.493839211    0.493839211    0.493839211
   12.447447447    0.488820548    0.488820548    0.488820548
   12.462462462    0.484170182    0.484170182    0.484170182
   12.477477477    0.480069931    0.480069931    0.480069931
   12.492492492    0.477226811    0.477226811    0.477226811
   12.507507508    0.475896004    0.475896004    0.475896004
   12.522522523    0.475343305    0.475343305    0.475343305
   12.537537538    0.475171875    0.475171875    0.475171875
   12.552552553    0.476119987    0.476119987    0.476119987
   12.567567568    0.478762889    0.478762889    0.478762889
   12.582582583    0.482099700    0.482099700    0.482099700
   12.597597598    0.484597132    0.484597132    0.484597132
   12.612612613    0.485927507    0.485927507    0.485927507
   12.627627628    0.486167949    0.486167949    0.486167949
   12.642642643    0.485203532    0.485203532    0.485203532
   12.657657658    0.482888650    0.482888650    0.482888650
   12.672672673    0.478801966    0.478801966    0.478801966
   12.687687688    0.472807834    0.472807834    0.472807834
   12.702702703    0.465746480    0.465746480    0.465746480
   12.717717718    0.458849208    0.458849208    0.458849208
   12.732732733    0.452967899    0.452967899    0.452967899
   12.747747748    0.449104531    0.449104531    0.449104531
   12.762762763    0.448210642    0.448210642    0.448210642
   12.777777778    0.449756260    0.449756260    0.449756260
   12.792792793    0.452158171    0.452158171    0.452158171
   12.807807808    0.454289850    0.454289850    0.454289850
   12.822822823    0.455944402    0.455944402    0.455944402
   12.837837838    0.457733022    0.457733022    0.457733022
   12.852852853    0.459738510    0.459738510    0.459738510
   12.867867868    0.460905646    0.460905646    0.460905646
   12.882882883    0.460534472    0.460534472    0.460534472
   12.897897898    0.459066322    0.459066322    0.459066322
   12.912912913    0.457447983    0.457447983    0.457447983
   12.927927928    0.455908971    0.455908971    0.455908971
   12.942942943    0.453894505    0.453894505    0.453894505
   12.957957958    0.451519295    0.451519295    0.451519295
   12.972972973    0.449623643    0.449623643    0.449623643
   12.987987988    0.448390219    0.448390219    0.448390219
   13.003003003    0.447125764    0.447125764    0.447125764
   13.018018018    0.445375420    0.445375420    0.445375420
   13.033033033    0.443579759    0.443579759    0.443579759
   13.048048048    0.442198093    0.442198093    0.442198093
   13.063063063    0.440439978    0.440439978    0.440439978
   13.078078078    0.437198489    0.437198489    0.437198489
   13.093093093    0.433027485    0.433027485    0.433027485
   13.108108108    0.429220564    0.429220564    0.429220564
   13.123123123    0.425867601    0.425867601    0.425867601
   13.138138138    0.422709336    0.422709336    0.422709336
   13.153153153    0.419510347    0.419510347    0.419510347
   13.168168168    0.415447185    0.415447185    0.415447185
   13.183183183    0.410566135    0.410566135    0.410566135
   13.198198198    0.406327007    0.406327007    0.406327007
   13.213213213    0.403649592    0.403649592    0.403649592
   13.228228228    0.402941044    0.402941044    0.402941044
   13.243243243    0.404703404    0.404703404    0.404703404
   13.258258258    0.408241354    0.408241354    0.408241354
   13.273273273    0.411477763    0.411477763    0.411477763
   13.288288288    0.413023607    0.413023607    0.413023607
   13.303303303    0.413074233    0.413074233    0.413074233
   13.318318318    0.411915745    0.411915745    0.411915745
   13.333333333    0.409377174    0.409377174    0.409377174
   13.348348348    0.405479182    0.405479182    0.405479182
   13.363363363    0.401441010    0.401441010    0.401441010
   13.378378378    0.399068908    0.399068908    0.399068908
   13.393393393    0.398967797    0.398967797    0.398967797
   13.408408408    0.400270766    0.400270766    0.400270766
   13.423423423    0.401520650    0.401520650    0.401520650
   13.438438438    0.401375198    0.401375198    0.401375198
   13.453453453    0.399450770    0.399450770    0.399450770
   13.468468468    0.396731234    0.396731234    0.396731234
   13.483483483    0.394451523    0.394451523    0.394451523
   13.498498498    0.392901512    0.392901512    0.392901512
   13.513513514    0.391904002    0.391904002    0.391904002
   13.528528529    0.391239970    0.391239970    0.391239970
   13.543543544    0.390509185    0.390509185    0.390509185
   13.558558559    0.389710564    0.389710564    0.389710564
   13.573573574    0.388978271    0.388978271    0.388978271
   13.588588589    0.387750835    0.387750835    0.387750835
   13.603603604    0.385244069    0.385244069    0.385244069
   13.618618619    0.381529375    0.381529375    0.381529375
   13.633633634    0.377439123    0.377439123    0.377439123
   13.648648649    0.373737370    0.373737370    0.373737370
   13.663663664    0.370704499    0.370704499    0.370704499
   13.678678679    0.368479608    0.368479608    0.368479608
   13.693693694    0.367175881    0.367175881    0.367175881
   13.708708709    0.366248853    0.366248853    0.366248853
   13.723723724    0.365119581    0.365119581    0.365119581
   13.738738739    0.363988353    0.363988353    0.363988353
   13.753753754    0.363062733    0.363062733    0.363062733
   13.768768769    0.362333288    0.362333288    0.362333288
   13.783783784    0.362057113    0.362057113    0.362057113
   13.798798799    0.362268784    0.362268784    0.362268784
   13.813813814    0.362677817    0.362677817    0.362677817
   13.828828829    0.363536962    0.363536962    0.363536962
   13.843843844    0.365106125    0.365106125    0.365106125
   13.858858859    0.366741088    0.366741088    0.366741088
   13.873873874    0.367503487    0.367503487    0.367503487
   13.888888889    0.366912692    0.366912692    0.366912692
   13.903903904    0.364947822    0.364947822    0.364947822
   13.918918919    0.362009051    0.362009051    0.362009051
   13.933933934    0.358885980    0.358885980    0.358885980
   13.948948949    0.355835903    0.355835903    0.355835903
   13.963963964    0.352715119    0.352715119    0.352715119
   13.978978979    0.349562072    0.349562072    0.349562072
   13.993993994    0.346726476    0.346726476    0.346726476
   14.009009009    0.344259407    0.344259407    0.344259407
   14.024024024    0.342100185    0.342100185    0.342100185
   14.039039039    0.340628952    0.340628952    0.340628952
   14.054054054    0.340244204    0.340244204    0.340244204
   14.069069069    0.340864055    0.340864055    0.340864055
   14.084084084    0.341777007    0.341777007    0.341777007
   14.099099099    0.342373283    0.342373283    0.342373283
   14.114114114    0.342504611    0.342504611    0.342504611
   14.129129129    0.342165102    0.342165102    0.342165102
   14.144144144    0.340996892    0.340996892    0.340996892
   14.159159159    0.338257473    0.338257473    0.338257473
   14.174174174    0.334085850    0.334085850    0.334085850
   14.189189189    0.329829011    0.329829011    0.329829011
   14.204204204    0.326574595    0.326574595    0.326574595
   14.219219219    0.324785209    0.324785209    0.324785209
   14.234234234    0.324473436    0.324473436    0.324473436
   14.249249249    0.325305369    0.325305369    0.325305369
   14.264264264    0.327063733    0.327063733    0.327063733
   14.279279279    0.329516614    0.329516615    0.329516614
   14.294294294    0.331943698    0.331943698    0.331943698
   14.309309309    0.333519698    0.333519698    0.333519698
   14.324324324    0.333523587    0.333523587    0.333523587
   14.339339339    0.331730812    0.331730812    0.331730812
   14.354354354    0.328561680    0.328561680    0.328561680
   14.369369369    0.324534662    0.324534662    0.324534662
   14.384384384    0.320056646    0.320056646    0.320056646
   14.399399399    0.316015924    0.316015924    0.316015924
   14.414414414    0.313735033    0.313735033    0.313735033
   14.429429429    0.313828601    0.313828601    0.313828601
   14.444444444    0.316088700    0.316088700    0.316088700
   14.459459459    0.319590401    0.319590401    0.319590401
   14.474474474    0.322838603    0.322838603    0.322838603
   14.489489489    0.324859074    0.324859074    0.324859074
   14.504504505    0.325636477    0.325636477    0.325636477
   14.519519520    0.325411811    0.325411811    0.325411811
   14.534534535    0.324389793    0.324389793    0.324389793
   14.549549550    0.322918744    0.322918744    0.322918744
   14.564564565    0.321510851    0.321510851    0.321510851
   14.579579580    0.320946518    0.320946518    0.320946518
   14.594594595    0.322077417    0.322077417    0.322077417
   14.609609610    0.324836373    0.324836373    0.324836373
   14.624624625    0.327798776    0.327798776    0.327798776
   14.639639640    0.328947194    0.328947194    0.328947194
   14.654654655    0.327389885    0.327389885    0.327389885
   14.669669670    0.324038389    0.324038389    0.324038389
   14.684684685    0.320695312    0.320695312    0.320695312
   14.699699700    0.318659292    0.318659292    0.318659292
   14.714714715    0.317866921    0.317866921    0.317866921
   14.729729730    0.317335362    0.317335362    0.317335362
   14.744744745    0.316396661    0.316396661    0.316396661
   14.759759760    0.314905679    0.314905679    0.314905679
   14.774774775    0.313234548    0.313234548    0.313234548
   14.789789790    0.311953754    0.311953754    0.311953754
   14.804804805    0.311281602    0.311281602    0.311281602
   14.819819820    0.311231071    0.311231071    0.311231071
   14.834834835    0.311617826    0.311617826    0.311617826
   14.849849850    0.311898584    0.311898584    0.311898584
   14.864864865    0.311490198    0.311490198    0.311490198
   14.879879880    0.310462333    0.310462333    0.310462333
   14.894894895    0.309150740    0.309150740    0.309150740
   14.909909910    0.307345742    0.307345742    0.307345742
   14.924924925    0.304522561    0.304522561    0.304522561
   14.939939940    0.300701504    0.300701504    0.300701504
   14.954954955    0.296775676    0.296775676    0.296775676
   14.969969970    0.293837901    0.293837901    0.293837901
   14.984984985    0.292358764    0.292358764    0.292358764
   15.000000000    0.292144467    0.292144467    0.292144467
