# energy grid [eV]     epsr_x  epsr_y  epsr_z
# plasmon frequences [eV]:    16.976977259   16.976977259   16.976977259
    0.000000000   16.269671162   16.269671162   16.269671165
    0.015015015   16.269912971   16.269912972   16.269912974
    0.030030030   16.270638453   16.270638453   16.270638455
    0.045045045   16.271847769   16.271847769   16.271847771
    0.060060060   16.273541189   16.273541189   16.273541191
    0.075075075   16.275719090   16.275719090   16.275719092
    0.090090090   16.278381959   16.278381959   16.278381962
    0.105105105   16.281530391   16.281530391   16.281530393
    0.120120120   16.285165089   16.285165089   16.285165092
    0.135135135   16.289286867   16.289286867   16.289286869
    0.150150150   16.293896647   16.293896648   16.293896650
    0.165165165   16.298995465   16.298995465   16.298995467
    0.180180180   16.304584463   16.304584464   16.304584466
    0.195195195   16.310664900   16.310664901   16.310664903
    0.210210210   16.317238145   16.317238146   16.317238148
    0.225225225   16.324305681   16.324305681   16.324305684
    0.240240240   16.331869106   16.331869106   16.331869108
    0.255255255   16.339930132   16.339930132   16.339930134
    0.270270270   16.348490589   16.348490589   16.348490591
    0.285285285   16.357552425   16.357552425   16.357552427
    0.300300300   16.367117706   16.367117706   16.367117708
    0.315315315   16.377188619   16.377188619   16.377188621
    0.330330330   16.387767472   16.387767472   16.387767474
    0.345345345   16.398856697   16.398856698   16.398856700
    0.360360360   16.410458851   16.410458852   16.410458854
    0.375375375   16.422576617   16.422576617   16.422576620
    0.390390390   16.435212806   16.435212806   16.435212808
    0.405405405   16.448370359   16.448370360   16.448370362
    0.420420420   16.462052351   16.462052351   16.462052353
    0.435435435   16.476261987   16.476261988   16.476261990
    0.450450450   16.491002614   16.491002614   16.491002616
    0.465465465   16.506277712   16.506277712   16.506277714
    0.480480480   16.522090905   16.522090905   16.522090908
    0.495495495   16.538445960   16.538445960   16.538445963
    0.510510511   16.555346790   16.555346790   16.555346792
    0.525525526   16.572797455   16.572797455   16.572797457
    0.540540541   16.590802168   16.590802168   16.590802171
    0.555555556   16.609365297   16.609365297   16.609365300
    0.570570571   16.628491367   16.628491367   16.628491369
    0.585585586   16.648185062   16.648185062   16.648185064
    0.600600601   16.668451233   16.668451233   16.668451235
    0.615615616   16.689294897   16.689294897   16.689294899
    0.630630631   16.710721242   16.710721242   16.710721245
    0.645645646   16.732735633   16.732735633   16.732735635
    0.660660661   16.755343612   16.755343612   16.755343614
    0.675675676   16.778550905   16.778550905   16.778550907
    0.690690691   16.802363426   16.802363426   16.802363428
    0.705705706   16.826787280   16.826787281   16.826787283
    0.720720721   16.851828772   16.851828772   16.851828774
    0.735735736   16.877494404   16.877494404   16.877494406
    0.750750751   16.903790887   16.903790888   16.903790890
    0.765765766   16.930725146   16.930725146   16.930725149
    0.780780781   16.958304321   16.958304321   16.958304323
    0.795795796   16.986535776   16.986535776   16.986535778
    0.810810811   17.015427105   17.015427105   17.015427107
    0.825825826   17.044986138   17.044986138   17.044986140
    0.840840841   17.075220946   17.075220946   17.075220948
    0.855855856   17.106139850   17.106139851   17.106139853
    0.870870871   17.137751429   17.137751429   17.137751431
    0.885885886   17.170064521   17.170064522   17.170064524
    0.900900901   17.203088241   17.203088241   17.203088244
    0.915915916   17.236831979   17.236831979   17.236831982
    0.930930931   17.271305416   17.271305416   17.271305418
    0.945945946   17.306518527   17.306518527   17.306518529
    0.960960961   17.342481594   17.342481595   17.342481597
    0.975975976   17.379205217   17.379205217   17.379205219
    0.990990991   17.416700317   17.416700317   17.416700319
    1.006006006   17.454978154   17.454978154   17.454978156
    1.021021021   17.494050334   17.494050334   17.494050336
    1.036036036   17.533928821   17.533928821   17.533928824
    1.051051051   17.574625950   17.574625950   17.574625953
    1.066066066   17.616154438   17.616154439   17.616154441
    1.081081081   17.658527399   17.658527399   17.658527401
    1.096096096   17.701758354   17.701758354   17.701758357
    1.111111111   17.745861251   17.745861251   17.745861253
    1.126126126   17.790850474   17.790850474   17.790850477
    1.141141141   17.836740863   17.836740864   17.836740866
    1.156156156   17.883547729   17.883547730   17.883547732
    1.171171171   17.931286871   17.931286871   17.931286874
    1.186186186   17.979974594   17.979974594   17.979974596
    1.201201201   18.029627727   18.029627728   18.029627730
    1.216216216   18.080263648   18.080263648   18.080263651
    1.231231231   18.131900298   18.131900298   18.131900300
    1.246246246   18.184556206   18.184556206   18.184556208
    1.261261261   18.238250513   18.238250514   18.238250516
    1.276276276   18.293002998   18.293002998   18.293003000
    1.291291291   18.348834097   18.348834097   18.348834099
    1.306306306   18.405764936   18.405764936   18.405764938
    1.321321321   18.463817357   18.463817357   18.463817360
    1.336336336   18.523013949   18.523013949   18.523013952
    1.351351351   18.583378078   18.583378078   18.583378080
    1.366366366   18.644933919   18.644933920   18.644933922
    1.381381381   18.707706497   18.707706497   18.707706500
    1.396396396   18.771721717   18.771721717   18.771721719
    1.411411411   18.837006405   18.837006405   18.837006407
    1.426426426   18.903588352   18.903588353   18.903588355
    1.441441441   18.971496357   18.971496357   18.971496360
    1.456456456   19.040760270   19.040760270   19.040760272
    1.471471471   19.111411043   19.111411043   19.111411045
    1.486486486   19.183480784   19.183480784   19.183480786
    1.501501502   19.257002809   19.257002809   19.257002811
    1.516516517   19.332011702   19.332011702   19.332011704
    1.531531532   19.408543376   19.408543376   19.408543379
    1.546546547   19.486635142   19.486635142   19.486635145
    1.561561562   19.566325775   19.566325776   19.566325778
    1.576576577   19.647655592   19.647655592   19.647655595
    1.591591592   19.730666530   19.730666530   19.730666532
    1.606606607   19.815402231   19.815402231   19.815402233
    1.621621622   19.901908134   19.901908134   19.901908137
    1.636636637   19.990231572   19.990231572   19.990231575
    1.651651652   20.080421874   20.080421874   20.080421877
    1.666666667   20.172530476   20.172530477   20.172530479
    1.681681682   20.266611042   20.266611043   20.266611045
    1.696696697   20.362719590   20.362719590   20.362719592
    1.711711712   20.460914627   20.460914627   20.460914630
    1.726726727   20.561257300   20.561257300   20.561257303
    1.741741742   20.663811552   20.663811552   20.663811554
    1.756756757   20.768644291   20.768644291   20.768644293
    1.771771772   20.875825577   20.875825577   20.875825580
    1.786786787   20.985428819   20.985428819   20.985428822
    1.801801802   21.097530988   21.097530989   21.097530991
    1.816816817   21.212212852   21.212212853   21.212212855
    1.831831832   21.329559226   21.329559226   21.329559229
    1.846846847   21.449659245   21.449659245   21.449659247
    1.861861862   21.572606661   21.572606662   21.572606664
    1.876876877   21.698500170   21.698500170   21.698500173
    1.891891892   21.827443758   21.827443759   21.827443761
    1.906906907   21.959547093   21.959547093   21.959547095
    1.921921922   22.094925939   22.094925939   22.094925941
    1.936936937   22.233702624   22.233702624   22.233702627
    1.951951952   22.376006545   22.376006546   22.376006548
    1.966966967   22.521974723   22.521974724   22.521974726
    1.981981982   22.671752420   22.671752421   22.671752423
    1.996996997   22.825493816   22.825493817   22.825493819
    2.012012012   22.983362761   22.983362761   22.983362763
    2.027027027   23.145533605   23.145533605   23.145533607
    2.042042042   23.312192128   23.312192128   23.312192131
    2.057057057   23.483536570   23.483536570   23.483536573
    2.072072072   23.659778783   23.659778783   23.659778785
    2.087087087   23.841145521   23.841145521   23.841145524
    2.102102102   24.027879897   24.027879897   24.027879900
    2.117117117   24.220243011   24.220243011   24.220243013
    2.132132132   24.418515800   24.418515800   24.418515802
    2.147147147   24.623001134   24.623001135   24.623001137
    2.162162162   24.834026199   24.834026199   24.834026202
    2.177177177   25.051945214   25.051945215   25.051945217
    2.192192192   25.277142554   25.277142554   25.277142557
    2.207207207   25.510036332   25.510036332   25.510036335
    2.222222222   25.751082546   25.751082546   25.751082549
    2.237237237   26.000779885   26.000779885   26.000779887
    2.252252252   26.259675327   26.259675327   26.259675329
    2.267267267   26.528370702   26.528370702   26.528370704
    2.282282282   26.807530399   26.807530399   26.807530402
    2.297297297   27.097890487   27.097890488   27.097890490
    2.312312312   27.400269538   27.400269539   27.400269541
    2.327327327   27.715581541   27.715581541   27.715581543
    2.342342342   28.044851368   28.044851368   28.044851370
    2.357357357   28.389233360   28.389233360   28.389233363
    2.372372372   28.750033669   28.750033669   28.750033672
    2.387387387   29.128737071   29.128737071   29.128737074
    2.402402402   29.527038861   29.527038862   29.527038864
    2.417417417   29.946882004   29.946882004   29.946882007
    2.432432432   30.390498399   30.390498399   30.390498402
    2.447447447   30.860449712   30.860449712   30.860449714
    2.462462462   31.359654774   31.359654774   31.359654777
    2.477477477   31.891370094   31.891370094   31.891370097
    2.492492492   32.459040768   32.459040768   32.459040770
    2.507507508   33.065823561   33.065823562   33.065823564
    2.522522523   33.713335271   33.713335271   33.713335273
    2.537537538   34.398791567   34.398791567   34.398791569
    2.552552553   35.109904647   35.109904647   35.109904649
    2.567567568   35.821049986   35.821049986   35.821049988
    2.582582583   36.503927886   36.503927886   36.503927888
    2.597597598   37.155823389   37.155823389   37.155823391
    2.612612613   37.804772970   37.804772970   37.804772972
    2.627627628   38.471369610   38.471369610   38.471369612
    2.642642643   39.152340261   39.152340261   39.152340264
    2.657657658   39.848673826   39.848673826   39.848673828
    2.672672673   40.579143898   40.579143899   40.579143901
    2.687687688   41.337796964   41.337796965   41.337796967
    2.702702703   42.066522879   42.066522880   42.066522882
    2.717717718   42.662381633   42.662381634   42.662381636
    2.732732733   42.958925990   42.958925990   42.958925993
    2.747747748   42.805624981   42.805624982   42.805624984
    2.762762763   42.189509689   42.189509689   42.189509691
    2.777777778   41.221079704   41.221079704   41.221079706
    2.792792793   40.118081218   40.118081218   40.118081221
    2.807807808   39.078371613   39.078371613   39.078371615
    2.822822823   38.156494088   38.156494088   38.156494091
    2.837837838   37.411589412   37.411589412   37.411589415
    2.852852853   36.931613175   36.931613175   36.931613178
    2.867867868   36.628538228   36.628538229   36.628538231
    2.882882883   36.272271765   36.272271765   36.272271768
    2.897897898   35.708354039   35.708354039   35.708354042
    2.912912913   34.996729453   34.996729453   34.996729456
    2.927927928   34.302551231   34.302551232   34.302551234
    2.942942943   33.724770722   33.724770722   33.724770724
    2.957957958   33.301387302   33.301387302   33.301387305
    2.972972973   33.041419605   33.041419606   33.041419608
    2.987987988   32.878859454   32.878859455   32.878859457
    3.003003003   32.727799540   32.727799540   32.727799542
    3.018018018   32.510938269   32.510938269   32.510938271
    3.033033033   32.217048823   32.217048824   32.217048826
    3.048048048   31.942863244   31.942863245   31.942863247
    3.063063063   31.738502144   31.738502144   31.738502147
    3.078078078   31.551066840   31.551066840   31.551066842
    3.093093093   31.334638140   31.334638140   31.334638143
    3.108108108   31.096343245   31.096343245   31.096343247
    3.123123123   30.814723551   30.814723551   30.814723553
    3.138138138   30.468315172   30.468315173   30.468315175
    3.153153153   30.124674345   30.124674345   30.124674348
    3.168168168   29.865107125   29.865107126   29.865107128
    3.183183183   29.704091471   29.704091472   29.704091474
    3.198198198   29.591035063   29.591035064   29.591035066
    3.213213213   29.521401760   29.521401760   29.521401763
    3.228228228   29.545790320   29.545790321   29.545790323
    3.243243243   29.661536538   29.661536538   29.661536541
    3.258258258   29.870898173   29.870898173   29.870898176
    3.273273273   30.161279696   30.161279697   30.161279699
    3.288288288   30.443198287   30.443198288   30.443198290
    3.303303303   30.673164884   30.673164885   30.673164887
    3.318318318   30.827325859   30.827325859   30.827325861
    3.333333333   30.899732570   30.899732570   30.899732573
    3.348348348   30.940098168   30.940098169   30.940098171
    3.363363363   30.999088125   30.999088126   30.999088128
    3.378378378   31.075728718   31.075728719   31.075728721
    3.393393393   31.160752585   31.160752585   31.160752587
    3.408408408   31.300457003   31.300457003   31.300457005
    3.423423423   31.556923226   31.556923226   31.556923228
    3.438438438   31.924724675   31.924724676   31.924724678
    3.453453453   32.333757919   32.333757919   32.333757921
    3.468468468   32.786438374   32.786438375   32.786438377
    3.483483483   33.296395485   33.296395485   33.296395487
    3.498498498   33.791487661   33.791487661   33.791487664
    3.513513514   34.101505844   34.101505844   34.101505846
    3.528528529   33.975905233   33.975905233   33.975905235
    3.543543544   33.208817547   33.208817547   33.208817549
    3.558558559   31.905793798   31.905793798   31.905793800
    3.573573574   30.448927760   30.448927760   30.448927763
    3.588588589   29.147344310   29.147344310   29.147344313
    3.603603604   28.080134173   28.080134174   28.080134176
    3.618618619   27.120970951   27.120970952   27.120970954
    3.633633634   26.084786292   26.084786292   26.084786294
    3.648648649   24.822782627   24.822782628   24.822782630
    3.663663664   23.220636345   23.220636346   23.220636348
    3.678678679   21.249361613   21.249361613   21.249361615
    3.693693694   18.966718402   18.966718402   18.966718405
    3.708708709   16.391489348   16.391489348   16.391489350
    3.723723724   13.425294354   13.425294354   13.425294357
    3.738738739    9.954915701    9.954915701    9.954915703
    3.753753754    6.065729550    6.065729550    6.065729553
    3.768768769    2.004636903    2.004636903    2.004636905
    3.783783784   -1.922951390   -1.922951390   -1.922951388
    3.798798799   -5.342373520   -5.342373519   -5.342373517
    3.813813814   -8.033726469   -8.033726468   -8.033726466
    3.828828829  -10.155328795  -10.155328795  -10.155328792
    3.843843844  -12.045849283  -12.045849283  -12.045849281
    3.858858859  -13.947816420  -13.947816420  -13.947816418
    3.873873874  -15.950171257  -15.950171257  -15.950171255
    3.888888889  -17.789097387  -17.789097386  -17.789097384
    3.903903904  -18.858258376  -18.858258376  -18.858258374
    3.918918919  -18.906246749  -18.906246749  -18.906246747
    3.933933934  -18.277141832  -18.277141832  -18.277141830
    3.948948949  -17.446263889  -17.446263888  -17.446263886
    3.963963964  -16.702248009  -16.702248008  -16.702248006
    3.978978979  -16.124977516  -16.124977516  -16.124977514
    3.993993994  -15.734683654  -15.734683653  -15.734683651
    4.009009009  -15.572971053  -15.572971053  -15.572971050
    4.024024024  -15.633609119  -15.633609119  -15.633609117
    4.039039039  -15.823949981  -15.823949981  -15.823949979
    4.054054054  -16.020109525  -16.020109525  -16.020109522
    4.069069069  -16.121092552  -16.121092552  -16.121092549
    4.084084084  -16.053602999  -16.053602999  -16.053602997
    4.099099099  -15.784568720  -15.784568720  -15.784568718
    4.114114114  -15.350816538  -15.350816538  -15.350816536
    4.129129129  -14.861087859  -14.861087859  -14.861087856
    4.144144144  -14.444465024  -14.444465024  -14.444465022
    4.159159159  -14.147112651  -14.147112651  -14.147112648
    4.174174174  -13.907241743  -13.907241742  -13.907241740
    4.189189189  -13.664892579  -13.664892579  -13.664892577
    4.204204204  -13.467667598  -13.467667598  -13.467667596
    4.219219219  -13.367736860  -13.367736860  -13.367736857
    4.234234234  -13.304953932  -13.304953931  -13.304953929
    4.249249249  -13.192730312  -13.192730312  -13.192730310
    4.264264264  -13.010622751  -13.010622751  -13.010622749
    4.279279279  -12.751370361  -12.751370361  -12.751370359
    4.294294294  -12.371239509  -12.371239509  -12.371239507
    4.309309309  -11.801268900  -11.801268900  -11.801268898
    4.324324324  -11.048247663  -11.048247662  -11.048247660
    4.339339339  -10.270321532  -10.270321531  -10.270321529
    4.354354354   -9.714372252   -9.714372252   -9.714372249
    4.369369369   -9.510921468   -9.510921467   -9.510921465
    4.384384384   -9.561476946   -9.561476946   -9.561476943
    4.399399399   -9.687463767   -9.687463767   -9.687463765
    4.414414414   -9.785489622   -9.785489622   -9.785489619
    4.429429429   -9.840711685   -9.840711685   -9.840711683
    4.444444444   -9.865965266   -9.865965266   -9.865965264
    4.459459459   -9.884330819   -9.884330819   -9.884330817
    4.474474474   -9.969945026   -9.969945026   -9.969945024
    4.489489489  -10.189752676  -10.189752676  -10.189752674
    4.504504505  -10.559077457  -10.559077457  -10.559077455
    4.519519520  -11.083019966  -11.083019966  -11.083019963
    4.534534535  -11.731873814  -11.731873814  -11.731873812
    4.549549550  -12.377496715  -12.377496715  -12.377496713
    4.564564565  -12.860094707  -12.860094707  -12.860094704
    4.579579580  -13.133965605  -13.133965605  -13.133965603
    4.594594595  -13.233987455  -13.233987455  -13.233987452
    4.609609610  -13.178843874  -13.178843873  -13.178843871
    4.624624625  -13.008336167  -13.008336167  -13.008336164
    4.639639640  -12.816666117  -12.816666117  -12.816666115
    4.654654655  -12.712385762  -12.712385761  -12.712385759
    4.669669670  -12.760708604  -12.760708604  -12.760708602
    4.684684685  -12.966512385  -12.966512385  -12.966512383
    4.699699700  -13.270707272  -13.270707272  -13.270707269
    4.714714715  -13.577140646  -13.577140646  -13.577140643
    4.729729730  -13.819108663  -13.819108663  -13.819108661
    4.744744745  -13.964363312  -13.964363312  -13.964363309
    4.759759760  -14.010240759  -14.010240759  -14.010240756
    4.774774775  -13.981365789  -13.981365789  -13.981365787
    4.789789790  -13.925432707  -13.925432707  -13.925432705
    4.804804805  -13.866688192  -13.866688192  -13.866688189
    4.819819820  -13.785732524  -13.785732524  -13.785732521
    4.834834835  -13.697351164  -13.697351164  -13.697351161
    4.849849850  -13.659812041  -13.659812041  -13.659812039
    4.864864865  -13.695151278  -13.695151278  -13.695151276
    4.879879880  -13.759026763  -13.759026763  -13.759026760
    4.894894895  -13.764908138  -13.764908138  -13.764908136
    4.909909910  -13.629607206  -13.629607206  -13.629607203
    4.924924925  -13.341918956  -13.341918956  -13.341918953
    4.939939940  -12.954477901  -12.954477901  -12.954477899
    4.954954955  -12.523403159  -12.523403159  -12.523403156
    4.969969970  -12.087955026  -12.087955026  -12.087955024
    4.984984985  -11.680336320  -11.680336320  -11.680336318
    5.000000000  -11.349998337  -11.349998337  -11.349998334
    5.015015015  -11.157085157  -11.157085157  -11.157085155
    5.030030030  -11.128521450  -11.128521450  -11.128521447
    5.045045045  -11.239887439  -11.239887439  -11.239887436
    5.060060060  -11.438973733  -11.438973733  -11.438973731
    5.075075075  -11.658706008  -11.658706008  -11.658706006
    5.090090090  -11.847024764  -11.847024763  -11.847024761
    5.105105105  -12.006209159  -12.006209158  -12.006209156
    5.120120120  -12.166341516  -12.166341515  -12.166341513
    5.135135135  -12.337691992  -12.337691992  -12.337691989
    5.150150150  -12.509818597  -12.509818597  -12.509818595
    5.165165165  -12.649833961  -12.649833961  -12.649833958
    5.180180180  -12.729937938  -12.729937937  -12.729937935
    5.195195195  -12.739599133  -12.739599132  -12.739599130
    5.210210210  -12.661197807  -12.661197806  -12.661197804
    5.225225225  -12.496618614  -12.496618614  -12.496618612
    5.240240240  -12.280206534  -12.280206534  -12.280206532
    5.255255255  -12.039635003  -12.039635003  -12.039635001
    5.270270270  -11.788828109  -11.788828108  -11.788828106
    5.285285285  -11.540916092  -11.540916092  -11.540916090
    5.300300300  -11.322679147  -11.322679146  -11.322679144
    5.315315315  -11.157513444  -11.157513444  -11.157513441
    5.330330330  -11.038649547  -11.038649547  -11.038649545
    5.345345345  -10.942706794  -10.942706794  -10.942706791
    5.360360360  -10.858761757  -10.858761757  -10.858761755
    5.375375375  -10.787587519  -10.787587519  -10.787587517
    5.390390390  -10.749735708  -10.749735708  -10.749735705
    5.405405405  -10.775499819  -10.775499819  -10.775499817
    5.420420420  -10.855713292  -10.855713292  -10.855713289
    5.435435435  -10.936969404  -10.936969404  -10.936969402
    5.450450450  -10.977714730  -10.977714730  -10.977714728
    5.465465465  -10.977968038  -10.977968038  -10.977968035
    5.480480480  -10.968984883  -10.968984882  -10.968984880
    5.495495495  -10.990378654  -10.990378654  -10.990378652
    5.510510511  -11.062019302  -11.062019302  -11.062019299
    5.525525526  -11.175095997  -11.175095996  -11.175095994
    5.540540541  -11.292184452  -11.292184452  -11.292184450
    5.555555556  -11.356376555  -11.356376555  -11.356376553
    5.570570571  -11.328791523  -11.328791523  -11.328791521
    5.585585586  -11.231498369  -11.231498369  -11.231498367
    5.600600601  -11.112617721  -11.112617721  -11.112617719
    5.615615616  -10.978357435  -10.978357434  -10.978357432
    5.630630631  -10.801835630  -10.801835629  -10.801835627
    5.645645646  -10.574092237  -10.574092236  -10.574092234
    5.660660661  -10.324173390  -10.324173389  -10.324173387
    5.675675676  -10.099926039  -10.099926038  -10.099926036
    5.690690691   -9.924698996   -9.924698995   -9.924698993
    5.705705706   -9.768409483   -9.768409483   -9.768409481
    5.720720721   -9.587691799   -9.587691799   -9.587691797
    5.735735736   -9.381282917   -9.381282917   -9.381282915
    5.750750751   -9.189522677   -9.189522676   -9.189522674
    5.765765766   -9.074244999   -9.074244999   -9.074244996
    5.780780781   -9.094260937   -9.094260937   -9.094260934
    5.795795796   -9.248227984   -9.248227984   -9.248227981
    5.810810811   -9.458493121   -9.458493121   -9.458493119
    5.825825826   -9.656171436   -9.656171436   -9.656171434
    5.840840841   -9.825580386   -9.825580386   -9.825580384
    5.855855856   -9.974702101   -9.974702101   -9.974702099
    5.870870871  -10.107288427  -10.107288427  -10.107288424
    5.885885886  -10.217100970  -10.217100970  -10.217100968
    5.900900901  -10.299053723  -10.299053723  -10.299053721
    5.915915916  -10.351197575  -10.351197574  -10.351197572
    5.930930931  -10.343148965  -10.343148965  -10.343148963
    5.945945946  -10.234460846  -10.234460846  -10.234460843
    5.960960961  -10.042367992  -10.042367992  -10.042367989
    5.975975976   -9.824728534   -9.824728533   -9.824728531
    5.990990991   -9.612004162   -9.612004162   -9.612004160
    6.006006006   -9.400659103   -9.400659102   -9.400659100
    6.021021021   -9.188261254   -9.188261254   -9.188261251
    6.036036036   -8.976608280   -8.976608280   -8.976608278
    6.051051051   -8.764054631   -8.764054631   -8.764054628
    6.066066066   -8.551402351   -8.551402351   -8.551402349
    6.081081081   -8.343482195   -8.343482195   -8.343482193
    6.096096096   -8.151646536   -8.151646536   -8.151646534
    6.111111111   -7.995940276   -7.995940276   -7.995940274
    6.126126126   -7.903235335   -7.903235334   -7.903235332
    6.141141141   -7.904146137   -7.904146137   -7.904146134
    6.156156156   -8.014266688   -8.014266688   -8.014266686
    6.171171171   -8.220436736   -8.220436735   -8.220436733
    6.186186186   -8.474848434   -8.474848434   -8.474848432
    6.201201201   -8.694773738   -8.694773738   -8.694773736
    6.216216216   -8.815772263   -8.815772262   -8.815772260
    6.231231231   -8.838559840   -8.838559839   -8.838559837
    6.246246246   -8.812731656   -8.812731656   -8.812731654
    6.261261261   -8.792508298   -8.792508297   -8.792508295
    6.276276276   -8.789162693   -8.789162693   -8.789162691
    6.291291291   -8.770273785   -8.770273785   -8.770273783
    6.306306306   -8.704691138   -8.704691138   -8.704691136
    6.321321321   -8.589738721   -8.589738721   -8.589738718
    6.336336336   -8.438889786   -8.438889786   -8.438889784
    6.351351351   -8.268184709   -8.268184709   -8.268184706
    6.366366366   -8.092777998   -8.092777997   -8.092777995
    6.381381381   -7.927708899   -7.927708899   -7.927708897
    6.396396396   -7.782426067   -7.782426067   -7.782426065
    6.411411411   -7.647574188   -7.647574188   -7.647574185
    6.426426426   -7.506989400   -7.506989400   -7.506989398
    6.441441441   -7.356664764   -7.356664764   -7.356664761
    6.456456456   -7.202578544   -7.202578544   -7.202578541
    6.471471471   -7.060346665   -7.060346665   -7.060346663
    6.486486486   -6.953410694   -6.953410694   -6.953410691
    6.501501502   -6.897961175   -6.897961175   -6.897961172
    6.516516517   -6.899290019   -6.899290019   -6.899290017
    6.531531532   -6.954207968   -6.954207968   -6.954207966
    6.546546547   -7.045476702   -7.045476702   -7.045476700
    6.561561562   -7.145242122   -7.145242122   -7.145242119
    6.576576577   -7.225819881   -7.225819880   -7.225819878
    6.591591592   -7.263942771   -7.263942771   -7.263942768
    6.606606607   -7.257562597   -7.257562597   -7.257562595
    6.621621622   -7.228963030   -7.228963030   -7.228963027
    6.636636637   -7.198475966   -7.198475966   -7.198475963
    6.651651652   -7.172412265   -7.172412264   -7.172412262
    6.666666667   -7.145513850   -7.145513850   -7.145513848
    6.681681682   -7.107591687   -7.107591687   -7.107591684
    6.696696697   -7.053455914   -7.053455914   -7.053455911
    6.711711712   -6.986141382   -6.986141381   -6.986141379
    6.726726727   -6.911275720   -6.911275720   -6.911275717
    6.741741742   -6.825628109   -6.825628109   -6.825628106
    6.756756757   -6.719610048   -6.719610048   -6.719610045
    6.771771772   -6.587661737   -6.587661737   -6.587661735
    6.786786787   -6.441239072   -6.441239071   -6.441239069
    6.801801802   -6.302833720   -6.302833720   -6.302833718
    6.816816817   -6.186627852   -6.186627851   -6.186627849
    6.831831832   -6.094876342   -6.094876342   -6.094876340
    6.846846847   -6.024713442   -6.024713442   -6.024713440
    6.861861862   -5.979898387   -5.979898386   -5.979898384
    6.876876877   -5.969442065   -5.969442065   -5.969442063
    6.891891892   -5.997551958   -5.997551958   -5.997551956
    6.906906907   -6.052143338   -6.052143337   -6.052143335
    6.921921922   -6.104658482   -6.104658481   -6.104658479
    6.936936937   -6.138185754   -6.138185754   -6.138185752
    6.951951952   -6.164548889   -6.164548889   -6.164548887
    6.966966967   -6.196567116   -6.196567116   -6.196567113
    6.981981982   -6.227405823   -6.227405823   -6.227405820
    6.996996997   -6.248177357   -6.248177357   -6.248177355
    7.012012012   -6.264766598   -6.264766598   -6.264766596
    7.027027027   -6.281599096   -6.281599096   -6.281599093
    7.042042042   -6.286678211   -6.286678210   -6.286678208
    7.057057057   -6.268378657   -6.268378657   -6.268378654
    7.072072072   -6.227479259   -6.227479259   -6.227479257
    7.087087087   -6.168898987   -6.168898986   -6.168898984
    7.102102102   -6.100735891   -6.100735891   -6.100735888
    7.117117117   -6.040592719   -6.040592719   -6.040592717
    7.132132132   -6.003396566   -6.003396565   -6.003396563
    7.147147147   -5.983478350   -5.983478350   -5.983478347
    7.162162162   -5.956500941   -5.956500941   -5.956500939
    7.177177177   -5.907198652   -5.907198652   -5.907198649
    7.192192192   -5.843940784   -5.843940784   -5.843940782
    7.207207207   -5.785587551   -5.785587551   -5.785587548
    7.222222222   -5.738001018   -5.738001017   -5.738001015
    7.237237237   -5.690000556   -5.690000556   -5.690000553
    7.252252252   -5.635850290   -5.635850290   -5.635850287
    7.267267267   -5.586637484   -5.586637483   -5.586637481
    7.282282282   -5.559847599   -5.559847599   -5.559847596
    7.297297297   -5.565711093   -5.565711093   -5.565711090
    7.312312312   -5.596071604   -5.596071604   -5.596071602
    7.327327327   -5.629063634   -5.629063634   -5.629063632
    7.342342342   -5.649567095   -5.649567095   -5.649567092
    7.357357357   -5.663595441   -5.663595441   -5.663595438
    7.372372372   -5.682642267   -5.682642267   -5.682642264
    7.387387387   -5.702855978   -5.702855978   -5.702855976
    7.402402402   -5.716456612   -5.716456612   -5.716456610
    7.417417417   -5.728009396   -5.728009396   -5.728009394
    7.432432432   -5.741758760   -5.741758760   -5.741758758
    7.447447447   -5.749386522   -5.749386521   -5.749386519
    7.462462462   -5.736544685   -5.736544684   -5.736544682
    7.477477477   -5.698838222   -5.698838222   -5.698838220
    7.492492492   -5.645529040   -5.645529040   -5.645529038
    7.507507508   -5.587161609   -5.587161609   -5.587161606
    7.522522523   -5.529723139   -5.529723139   -5.529723137
    7.537537538   -5.476996017   -5.476996017   -5.476996014
    7.552552553   -5.428074680   -5.428074680   -5.428074678
    7.567567568   -5.376465806   -5.376465806   -5.376465804
    7.582582583   -5.316490375   -5.316490375   -5.316490372
    7.597597598   -5.246821849   -5.246821849   -5.246821846
    7.612612613   -5.166301938   -5.166301938   -5.166301936
    7.627627628   -5.074192764   -5.074192764   -5.074192762
    7.642642643   -4.975318027   -4.975318027   -4.975318024
    7.657657658   -4.881896966   -4.881896966   -4.881896963
    7.672672673   -4.806442771   -4.806442770   -4.806442768
    7.687687688   -4.759968878   -4.759968878   -4.759968876
    7.702702703   -4.752368403   -4.752368403   -4.752368401
    7.717717718   -4.787268042   -4.787268042   -4.787268039
    7.732732733   -4.856382450   -4.856382450   -4.856382447
    7.747747748   -4.943852775   -4.943852775   -4.943852773
    7.762762763   -5.031680726   -5.031680726   -5.031680724
    7.777777778   -5.097623521   -5.097623521   -5.097623518
    7.792792793   -5.127913461   -5.127913461   -5.127913458
    7.807807808   -5.125702407   -5.125702407   -5.125702405
    7.822822823   -5.105098825   -5.105098825   -5.105098822
    7.837837838   -5.078688162   -5.078688162   -5.078688159
    7.852852853   -5.049693468   -5.049693468   -5.049693465
    7.867867868   -5.017741263   -5.017741262   -5.017741260
    7.882882883   -4.983677986   -4.983677986   -4.983677984
    7.897897898   -4.948627205   -4.948627205   -4.948627202
    7.912912913   -4.910484307   -4.910484307   -4.910484304
    7.927927928   -4.864479960   -4.864479959   -4.864479957
    7.942942943   -4.811323480   -4.811323480   -4.811323478
    7.957957958   -4.756431593   -4.756431593   -4.756431590
    7.972972973   -4.703489825   -4.703489824   -4.703489822
    7.987987988   -4.655138163   -4.655138163   -4.655138161
    8.003003003   -4.616781738   -4.616781738   -4.616781736
    8.018018018   -4.591666525   -4.591666525   -4.591666522
    8.033033033   -4.575306808   -4.575306808   -4.575306805
    8.048048048   -4.558494789   -4.558494789   -4.558494787
    8.063063063   -4.536901700   -4.536901699   -4.536901697
    8.078078078   -4.513857759   -4.513857759   -4.513857757
    8.093093093   -4.491797739   -4.491797739   -4.491797737
    8.108108108   -4.475126576   -4.475126576   -4.475126573
    8.123123123   -4.474493007   -4.474493007   -4.474493004
    8.138138138   -4.494490904   -4.494490903   -4.494490901
    8.153153153   -4.523772117   -4.523772117   -4.523772115
    8.168168168   -4.544708955   -4.544708955   -4.544708952
    8.183183183   -4.549923873   -4.549923873   -4.549923870
    8.198198198   -4.542955171   -4.542955171   -4.542955169
    8.213213213   -4.527230660   -4.527230660   -4.527230657
    8.228228228   -4.506122282   -4.506122282   -4.506122280
    8.243243243   -4.485347934   -4.485347934   -4.485347932
    8.258258258   -4.466409030   -4.466409030   -4.466409027
    8.273273273   -4.442547487   -4.442547487   -4.442547485
    8.288288288   -4.410791528   -4.410791527   -4.410791525
    8.303303303   -4.377679955   -4.377679954   -4.377679952
    8.318318318   -4.347162159   -4.347162159   -4.347162156
    8.333333333   -4.317662529   -4.317662529   -4.317662526
    8.348348348   -4.290998186   -4.290998185   -4.290998183
    8.363363363   -4.270438347   -4.270438347   -4.270438344
    8.378378378   -4.249063999   -4.249063999   -4.249063996
    8.393393393   -4.215634690   -4.215634690   -4.215634687
    8.408408408   -4.171457312   -4.171457312   -4.171457310
    8.423423423   -4.127579972   -4.127579971   -4.127579969
    8.438438438   -4.092996557   -4.092996556   -4.092996554
    8.453453453   -4.071174585   -4.071174585   -4.071174583
    8.468468468   -4.058249088   -4.058249088   -4.058249086
    8.483483483   -4.047318912   -4.047318912   -4.047318909
    8.498498498   -4.037664024   -4.037664023   -4.037664021
    8.513513514   -4.027499554   -4.027499554   -4.027499551
    8.528528529   -4.011546480   -4.011546480   -4.011546477
    8.543543544   -3.992520081   -3.992520081   -3.992520078
    8.558558559   -3.980457096   -3.980457096   -3.980457093
    8.573573574   -3.980876229   -3.980876229   -3.980876226
    8.588588589   -3.986957147   -3.986957147   -3.986957144
    8.603603604   -3.988272185   -3.988272185   -3.988272182
    8.618618619   -3.983389194   -3.983389194   -3.983389191
    8.633633634   -3.977671932   -3.977671932   -3.977671929
    8.648648649   -3.972675820   -3.972675819   -3.972675817
    8.663663664   -3.963960633   -3.963960633   -3.963960631
    8.678678679   -3.951477840   -3.951477839   -3.951477837
    8.693693694   -3.942829475   -3.942829475   -3.942829472
    8.708708709   -3.940365483   -3.940365483   -3.940365480
    8.723723724   -3.933694388   -3.933694388   -3.933694386
    8.738738739   -3.914342401   -3.914342400   -3.914342398
    8.753753754   -3.885788971   -3.885788970   -3.885788968
    8.768768769   -3.854772729   -3.854772729   -3.854772726
    8.783783784   -3.823958736   -3.823958736   -3.823958733
    8.798798799   -3.791303286   -3.791303286   -3.791303284
    8.813813814   -3.757388974   -3.757388974   -3.757388972
    8.828828829   -3.729313952   -3.729313952   -3.729313949
    8.843843844   -3.710233738   -3.710233737   -3.710233735
    8.858858859   -3.695141910   -3.695141910   -3.695141908
    8.873873874   -3.677454010   -3.677454010   -3.677454008
    8.888888889   -3.654819114   -3.654819113   -3.654819111
    8.903903904   -3.631690798   -3.631690797   -3.631690795
    8.918918919   -3.614870987   -3.614870987   -3.614870984
    8.933933934   -3.604912356   -3.604912356   -3.604912353
    8.948948949   -3.594824299   -3.594824299   -3.594824296
    8.963963964   -3.576454100   -3.576454099   -3.576454097
    8.978978979   -3.548201531   -3.548201531   -3.548201528
    8.993993994   -3.516386892   -3.516386892   -3.516386889
    9.009009009   -3.491006327   -3.491006326   -3.491006324
    9.024024024   -3.477950671   -3.477950670   -3.477950668
    9.039039039   -3.473611309   -3.473611308   -3.473611306
    9.054054054   -3.470095440   -3.470095440   -3.470095437
    9.069069069   -3.463768984   -3.463768984   -3.463768981
    9.084084084   -3.454585572   -3.454585572   -3.454585569
    9.099099099   -3.441813559   -3.441813559   -3.441813557
    9.114114114   -3.426456298   -3.426456297   -3.426456295
    9.129129129   -3.412020961   -3.412020961   -3.412020958
    9.144144144   -3.401400687   -3.401400687   -3.401400684
    9.159159159   -3.393484687   -3.393484687   -3.393484685
    9.174174174   -3.383266099   -3.383266099   -3.383266097
    9.189189189   -3.367400940   -3.367400940   -3.367400937
    9.204204204   -3.346405025   -3.346405024   -3.346405022
    9.219219219   -3.321918134   -3.321918134   -3.321918131
    9.234234234   -3.296408356   -3.296408356   -3.296408354
    9.249249249   -3.274580001   -3.274580000   -3.274579998
    9.264264264   -3.258877633   -3.258877633   -3.258877631
    9.279279279   -3.244714738   -3.244714738   -3.244714735
    9.294294294   -3.225816155   -3.225816155   -3.225816153
    9.309309309   -3.201451575   -3.201451575   -3.201451573
    9.324324324   -3.174901852   -3.174901852   -3.174901850
    9.339339339   -3.148378262   -3.148378262   -3.148378259
    9.354354354   -3.122617001   -3.122617001   -3.122616998
    9.369369369   -3.099616623   -3.099616623   -3.099616620
    9.384384384   -3.083300389   -3.083300388   -3.083300386
    9.399399399   -3.072677540   -3.072677540   -3.072677538
    9.414414414   -3.060767910   -3.060767910   -3.060767908
    9.429429429   -3.045373623   -3.045373623   -3.045373621
    9.444444444   -3.030961267   -3.030961266   -3.030961264
    9.459459459   -3.020497220   -3.020497220   -3.020497218
    9.474474474   -3.014254213   -3.014254213   -3.014254211
    9.489489489   -3.011894071   -3.011894070   -3.011894068
    9.504504505   -3.011269382   -3.011269382   -3.011269379
    9.519519520   -3.008434755   -3.008434754   -3.008434752
    9.534534535   -3.002656166   -3.002656166   -3.002656164
    9.549549550   -2.995024001   -2.995024001   -2.995023998
    9.564564565   -2.983930865   -2.983930865   -2.983930863
    9.579579580   -2.968603388   -2.968603388   -2.968603385
    9.594594595   -2.951968963   -2.951968963   -2.951968961
    9.609609610   -2.935960498   -2.935960498   -2.935960496
    9.624624625   -2.917790609   -2.917790608   -2.917790606
    9.639639640   -2.895491944   -2.895491944   -2.895491941
    9.654654655   -2.872650682   -2.872650682   -2.872650680
    9.669669670   -2.854025875   -2.854025875   -2.854025872
    9.684684685   -2.840054341   -2.840054341   -2.840054338
    9.699699700   -2.827564305   -2.827564305   -2.827564302
    9.714714715   -2.814962322   -2.814962321   -2.814962319
    9.729729730   -2.802614293   -2.802614293   -2.802614291
    9.744744745   -2.789052147   -2.789052146   -2.789052144
    9.759759760   -2.772083598   -2.772083597   -2.772083595
    9.774774775   -2.753620195   -2.753620194   -2.753620192
    9.789789790   -2.737974789   -2.737974789   -2.737974787
    9.804804805   -2.724861085   -2.724861084   -2.724861082
    9.819819820   -2.710266214   -2.710266214   -2.710266212
    9.834834835   -2.693025957   -2.693025956   -2.693025954
    9.849849850   -2.674928351   -2.674928351   -2.674928348
    9.864864865   -2.657035487   -2.657035487   -2.657035484
    9.879879880   -2.640613123   -2.640613123   -2.640613121
    9.894894895   -2.628320365   -2.628320365   -2.628320363
    9.909909910   -2.622591914   -2.622591914   -2.622591911
    9.924924925   -2.622999980   -2.622999980   -2.622999977
    9.939939940   -2.624865565   -2.624865565   -2.624865563
    9.954954955   -2.622456185   -2.622456185   -2.622456182
    9.969969970   -2.614186042   -2.614186042   -2.614186040
    9.984984985   -2.603057802   -2.603057802   -2.603057800
   10.000000000   -2.592686368   -2.592686368   -2.592686366
   10.015015015   -2.583767209   -2.583767209   -2.583767206
   10.030030030   -2.573786895   -2.573786895   -2.573786893
   10.045045045   -2.561510020   -2.561510020   -2.561510017
   10.060060060   -2.547889068   -2.547889068   -2.547889066
   10.075075075   -2.533468553   -2.533468552   -2.533468550
   10.090090090   -2.517791735   -2.517791735   -2.517791733
   10.105105105   -2.499123785   -2.499123784   -2.499123782
   10.120120120   -2.478214771   -2.478214770   -2.478214768
   10.135135135   -2.460126023   -2.460126023   -2.460126021
   10.150150150   -2.449023838   -2.449023838   -2.449023835
   10.165165165   -2.443484930   -2.443484930   -2.443484928
   10.180180180   -2.437935510   -2.437935510   -2.437935508
   10.195195195   -2.428587901   -2.428587901   -2.428587899
   10.210210210   -2.416534990   -2.416534990   -2.416534987
   10.225225225   -2.405544514   -2.405544514   -2.405544511
   10.240240240   -2.397289832   -2.397289832   -2.397289830
   10.255255255   -2.389978838   -2.389978837   -2.389978835
   10.270270270   -2.380629785   -2.380629784   -2.380629782
   10.285285285   -2.366676882   -2.366676882   -2.366676879
   10.300300300   -2.347533888   -2.347533887   -2.347533885
   10.315315315   -2.325987727   -2.325987727   -2.325987725
   10.330330330   -2.307353494   -2.307353494   -2.307353492
   10.345345345   -2.296373298   -2.296373298   -2.296373295
   10.360360360   -2.293992918   -2.293992918   -2.293992915
   10.375375375   -2.296789847   -2.296789846   -2.296789844
   10.390390390   -2.299441657   -2.299441656   -2.299441654
   10.405405405   -2.298508410   -2.298508410   -2.298508408
   10.420420420   -2.292290774   -2.292290774   -2.292290772
   10.435435435   -2.280473838   -2.280473838   -2.280473836
   10.450450450   -2.265611995   -2.265611995   -2.265611992
   10.465465465   -2.251949398   -2.251949398   -2.251949395
   10.480480480   -2.241996332   -2.241996332   -2.241996329
   10.495495495   -2.235650804   -2.235650804   -2.235650801
   10.510510511   -2.231313783   -2.231313783   -2.231313781
   10.525525526   -2.226408601   -2.226408601   -2.226408599
   10.540540541   -2.219392256   -2.219392256   -2.219392254
   10.555555556   -2.210250672   -2.210250672   -2.210250669
   10.570570571   -2.199263923   -2.199263922   -2.199263920
   10.585585586   -2.187556377   -2.187556377   -2.187556375
   10.600600601   -2.175596820   -2.175596819   -2.175596817
   10.615615616   -2.160724304   -2.160724303   -2.160724301
   10.630630631   -2.140733933   -2.140733932   -2.140733930
   10.645645646   -2.117400142   -2.117400141   -2.117400139
   10.660660661   -2.094495690   -2.094495690   -2.094495687
   10.675675676   -2.074347498   -2.074347498   -2.074347496
   10.690690691   -2.056853978   -2.056853977   -2.056853975
   10.705705706   -2.040587106   -2.040587105   -2.040587103
   10.720720721   -2.024666943   -2.024666943   -2.024666941
   10.735735736   -2.010746474   -2.010746474   -2.010746472
   10.750750751   -2.002558312   -2.002558312   -2.002558309
   10.765765766   -2.002493634   -2.002493634   -2.002493631
   10.780780781   -2.008977183   -2.008977182   -2.008977180
   10.795795796   -2.018737223   -2.018737223   -2.018737220
   10.810810811   -2.029117358   -2.029117358   -2.029117356
   10.825825826   -2.037124352   -2.037124352   -2.037124350
   10.840840841   -2.039707013   -2.039707012   -2.039707010
   10.855855856   -2.035867188   -2.035867188   -2.035867185
   10.870870871   -2.026300106   -2.026300105   -2.026300103
   10.885885886   -2.011758172   -2.011758172   -2.011758170
   10.900900901   -1.994749019   -1.994749019   -1.994749017
   10.915915916   -1.978807668   -1.978807668   -1.978807665
   10.930930931   -1.965163233   -1.965163233   -1.965163231
   10.945945946   -1.952973978   -1.952973978   -1.952973976
   10.960960961   -1.940029158   -1.940029157   -1.940029155
   10.975975976   -1.924452720   -1.924452720   -1.924452717
   10.990990991   -1.907342253   -1.907342253   -1.907342250
   11.006006006   -1.891567100   -1.891567099   -1.891567097
   11.021021021   -1.878562193   -1.878562192   -1.878562190
   11.036036036   -1.867509746   -1.867509746   -1.867509744
   11.051051051   -1.857471763   -1.857471763   -1.857471760
   11.066066066   -1.848356965   -1.848356965   -1.848356962
   11.081081081   -1.840629779   -1.840629779   -1.840629776
   11.096096096   -1.834873622   -1.834873622   -1.834873619
   11.111111111   -1.831599691   -1.831599691   -1.831599689
   11.126126126   -1.830498867   -1.830498867   -1.830498865
   11.141141141   -1.829077279   -1.829077279   -1.829077276
   11.156156156   -1.824859180   -1.824859179   -1.824859177
   11.171171171   -1.817310375   -1.817310375   -1.817310373
   11.186186186   -1.807170786   -1.807170785   -1.807170783
   11.201201201   -1.796385384   -1.796385384   -1.796385381
   11.216216216   -1.787301772   -1.787301771   -1.787301769
   11.231231231   -1.781109133   -1.781109133   -1.781109130
   11.246246246   -1.777059797   -1.777059797   -1.777059794
   11.261261261   -1.772635275   -1.772635275   -1.772635272
   11.276276276   -1.765391168   -1.765391167   -1.765391165
   11.291291291   -1.754987403   -1.754987403   -1.754987401
   11.306306306   -1.742999680   -1.742999680   -1.742999677
   11.321321321   -1.731527203   -1.731527203   -1.731527201
   11.336336336   -1.721945339   -1.721945339   -1.721945337
   11.351351351   -1.714388160   -1.714388160   -1.714388157
   11.366366366   -1.708166036   -1.708166035   -1.708166033
   11.381381381   -1.702591026   -1.702591026   -1.702591023
   11.396396396   -1.697084571   -1.697084570   -1.697084568
   11.411411411   -1.690597898   -1.690597897   -1.690597895
   11.426426426   -1.682283515   -1.682283515   -1.682283513
   11.441441441   -1.672409020   -1.672409019   -1.672409017
   11.456456456   -1.661742974   -1.661742973   -1.661742971
   11.471471471   -1.650593997   -1.650593997   -1.650593994
   11.486486486   -1.638784696   -1.638784696   -1.638784694
   11.501501502   -1.626548984   -1.626548983   -1.626548981
   11.516516517   -1.613880398   -1.613880398   -1.613880395
   11.531531532   -1.601106229   -1.601106229   -1.601106226
   11.546546547   -1.589927962   -1.589927962   -1.589927959
   11.561561562   -1.582175454   -1.582175454   -1.582175451
   11.576576577   -1.577922669   -1.577922669   -1.577922666
   11.591591592   -1.575634200   -1.575634199   -1.575634197
   11.606606607   -1.573854177   -1.573854176   -1.573854174
   11.621621622   -1.571829036   -1.571829036   -1.571829034
   11.636636637   -1.569251218   -1.569251217   -1.569251215
   11.651651652   -1.566130450   -1.566130450   -1.566130447
   11.666666667   -1.562276565   -1.562276565   -1.562276562
   11.681681682   -1.557483959   -1.557483958   -1.557483956
   11.696696697   -1.551981123   -1.551981123   -1.551981120
   11.711711712   -1.546185618   -1.546185618   -1.546185616
   11.726726727   -1.539963227   -1.539963226   -1.539963224
   11.741741742   -1.532910427   -1.532910427   -1.532910424
   11.756756757   -1.525639062   -1.525639062   -1.525639059
   11.771771772   -1.519069651   -1.519069651   -1.519069649
   11.786786787   -1.512808397   -1.512808397   -1.512808394
   11.801801802   -1.505214216   -1.505214216   -1.505214213
   11.816816817   -1.495424588   -1.495424588   -1.495424585
   11.831831832   -1.485075863   -1.485075862   -1.485075860
   11.846846847   -1.476801340   -1.476801340   -1.476801337
   11.861861862   -1.471662651   -1.471662650   -1.471662648
   11.876876877   -1.468443476   -1.468443475   -1.468443473
   11.891891892   -1.464869256   -1.464869256   -1.464869253
   11.906906907   -1.460076775   -1.460076774   -1.460076772
   11.921921922   -1.454800164   -1.454800163   -1.454800161
   11.936936937   -1.449485067   -1.449485067   -1.449485065
   11.951951952   -1.443740262   -1.443740262   -1.443740259
   11.966966967   -1.437054679   -1.437054678   -1.437054676
   11.981981982   -1.430100256   -1.430100256   -1.430100254
   11.996996997   -1.423945289   -1.423945289   -1.423945287
   12.012012012   -1.418490477   -1.418490477   -1.418490474
   12.027027027   -1.413787577   -1.413787577   -1.413787574
   12.042042042   -1.411266684   -1.411266684   -1.411266681
   12.057057057   -1.411153138   -1.411153138   -1.411153136
   12.072072072   -1.411036633   -1.411036632   -1.411036630
   12.087087087   -1.408293681   -1.408293680   -1.408293678
   12.102102102   -1.402682742   -1.402682741   -1.402682739
   12.117117117   -1.395749488   -1.395749487   -1.395749485
   12.132132132   -1.388788359   -1.388788358   -1.388788356
   12.147147147   -1.382560988   -1.382560988   -1.382560985
   12.162162162   -1.376694346   -1.376694346   -1.376694344
   12.177177177   -1.370128175   -1.370128174   -1.370128172
   12.192192192   -1.362426617   -1.362426617   -1.362426614
   12.207207207   -1.353810803   -1.353810802   -1.353810800
   12.222222222   -1.344271180   -1.344271180   -1.344271178
   12.237237237   -1.333377939   -1.333377939   -1.333377936
   12.252252252   -1.320831847   -1.320831847   -1.320831844
   12.267267267   -1.306866536   -1.306866536   -1.306866534
   12.282282282   -1.292993887   -1.292993887   -1.292993884
   12.297297297   -1.281750224   -1.281750223   -1.281750221
   12.312312312   -1.275415751   -1.275415751   -1.275415749
   12.327327327   -1.273846136   -1.273846136   -1.273846133
   12.342342342   -1.274334286   -1.274334286   -1.274334283
   12.357357357   -1.273847211   -1.273847211   -1.273847208
   12.372372372   -1.271242607   -1.271242607   -1.271242605
   12.387387387   -1.267584253   -1.267584253   -1.267584251
   12.402402402   -1.263657677   -1.263657677   -1.263657674
   12.417417417   -1.258870405   -1.258870405   -1.258870402
   12.432432432   -1.252754988   -1.252754988   -1.252754986
   12.447447447   -1.245640231   -1.245640231   -1.245640228
   12.462462462   -1.237755150   -1.237755150   -1.237755148
   12.477477477   -1.228898554   -1.228898554   -1.228898552
   12.492492492   -1.219231736   -1.219231735   -1.219231733
   12.507507508   -1.209702629   -1.209702629   -1.209702626
   12.522522523   -1.200845237   -1.200845237   -1.200845235
   12.537537538   -1.192134581   -1.192134581   -1.192134578
   12.552552553   -1.183333681   -1.183333680   -1.183333678
   12.567567568   -1.175550448   -1.175550448   -1.175550445
   12.582582583   -1.170044778   -1.170044778   -1.170044776
   12.597597598   -1.166508593   -1.166508592   -1.166508590
   12.612612613   -1.163976856   -1.163976856   -1.163976854
   12.627627628   -1.162135720   -1.162135720   -1.162135718
   12.642642643   -1.160747006   -1.160747005   -1.160747003
   12.657657658   -1.159630207   -1.159630207   -1.159630205
   12.672672673   -1.158378620   -1.158378620   -1.158378617
   12.687687688   -1.155945759   -1.155945759   -1.155945756
   12.702702703   -1.151283638   -1.151283638   -1.151283636
   12.717717718   -1.144244477   -1.144244477   -1.144244474
   12.732732733   -1.135098726   -1.135098726   -1.135098724
   12.747747748   -1.124212590   -1.124212590   -1.124212587
   12.762762763   -1.112955563   -1.112955563   -1.112955560
   12.777777778   -1.103185195   -1.103185195   -1.103185193
   12.792792793   -1.095536578   -1.095536578   -1.095536575
   12.807807808   -1.089450501   -1.089450501   -1.089450499
   12.822822823   -1.084040389   -1.084040389   -1.084040386
   12.837837838   -1.079034001   -1.079034001   -1.079033998
   12.852852853   -1.075191267   -1.075191267   -1.075191264
   12.867867868   -1.072739203   -1.072739203   -1.072739200
   12.882882883   -1.070709486   -1.070709486   -1.070709484
   12.897897898   -1.068070833   -1.068070832   -1.068070830
   12.912912913   -1.064738762   -1.064738761   -1.064738759
   12.927927928   -1.061379713   -1.061379713   -1.061379710
   12.942942943   -1.058047650   -1.058047649   -1.058047647
   12.957957958   -1.054059136   -1.054059136   -1.054059134
   12.972972973   -1.049469165   -1.049469165   -1.049469162
   12.987987988   -1.045122193   -1.045122193   -1.045122191
   13.003003003   -1.041412164   -1.041412163   -1.041412161
   13.018018018   -1.037834008   -1.037834008   -1.037834005
   13.033033033   -1.033966713   -1.033966713   -1.033966710
   13.048048048   -1.030388646   -1.030388646   -1.030388644
   13.063063063   -1.027805022   -1.027805022   -1.027805020
   13.078078078   -1.025397094   -1.025397094   -1.025397092
   13.093093093   -1.021771333   -1.021771332   -1.021771330
   13.108108108   -1.017097490   -1.017097490   -1.017097487
   13.123123123   -1.012202287   -1.012202287   -1.012202284
   13.138138138   -1.007270201   -1.007270201   -1.007270199
   13.153153153   -1.002562544   -1.002562544   -1.002562541
   13.168168168   -0.997827072   -0.997827072   -0.997827069
   13.183183183   -0.991695761   -0.991695761   -0.991695758
   13.198198198   -0.983696175   -0.983696174   -0.983696172
   13.213213213   -0.974583659   -0.974583659   -0.974583656
   13.228228228   -0.964996293   -0.964996293   -0.964996290
   13.243243243   -0.956046413   -0.956046412   -0.956046410
   13.258258258   -0.949468129   -0.949468129   -0.949468127
   13.273273273   -0.945767107   -0.945767106   -0.945767104
   13.288288288   -0.943629240   -0.943629240   -0.943629238
   13.303303303   -0.941855237   -0.941855237   -0.941855235
   13.318318318   -0.940154151   -0.940154150   -0.940154148
   13.333333333   -0.938191877   -0.938191877   -0.938191874
   13.348348348   -0.934993432   -0.934993432   -0.934993429
   13.363363363   -0.929589136   -0.929589136   -0.929589133
   13.378378378   -0.922525975   -0.922525975   -0.922525972
   13.393393393   -0.915597607   -0.915597607   -0.915597605
   13.408408408   -0.910251242   -0.910251241   -0.910251239
   13.423423423   -0.906908708   -0.906908707   -0.906908705
   13.438438438   -0.904891565   -0.904891564   -0.904891562
   13.453453453   -0.902705029   -0.902705029   -0.902705027
   13.468468468   -0.899224579   -0.899224579   -0.899224576
   13.483483483   -0.894688901   -0.894688901   -0.894688899
   13.498498498   -0.889907222   -0.889907222   -0.889907219
   13.513513514   -0.885283791   -0.885283790   -0.885283788
   13.528528529   -0.881112266   -0.881112266   -0.881112264
   13.543543544   -0.877391059   -0.877391059   -0.877391056
   13.558558559   -0.873878356   -0.873878356   -0.873878353
   13.573573574   -0.870838618   -0.870838618   -0.870838616
   13.588588589   -0.868611226   -0.868611226   -0.868611223
   13.603603604   -0.866660382   -0.866660382   -0.866660379
   13.618618619   -0.863922879   -0.863922879   -0.863922876
   13.633633634   -0.859874497   -0.859874497   -0.859874495
   13.648648649   -0.854729673   -0.854729673   -0.854729671
   13.663663664   -0.848936634   -0.848936633   -0.848936631
   13.678678679   -0.842771837   -0.842771837   -0.842771834
   13.693693694   -0.836767492   -0.836767491   -0.836767489
   13.708708709   -0.831408118   -0.831408118   -0.831408115
   13.723723724   -0.826335249   -0.826335249   -0.826335246
   13.738738739   -0.821113046   -0.821113046   -0.821113043
   13.753753754   -0.815839890   -0.815839890   -0.815839887
   13.768768769   -0.810481725   -0.810481725   -0.810481723
   13.783783784   -0.805059454   -0.805059454   -0.805059451
   13.798798799   -0.799938025   -0.799938025   -0.799938022
   13.813813814   -0.795133615   -0.795133615   -0.795133612
   13.828828829   -0.790480677   -0.790480677   -0.790480674
   13.843843844   -0.786594018   -0.786594018   -0.786594015
   13.858858859   -0.784110930   -0.784110930   -0.784110927
   13.873873874   -0.782872730   -0.782872730   -0.782872728
   13.888888889   -0.782168385   -0.782168384   -0.782168382
   13.903903904   -0.781282834   -0.781282833   -0.781282831
   13.918918919   -0.779525256   -0.779525256   -0.779525253
   13.933933934   -0.776822912   -0.776822912   -0.776822909
   13.948948949   -0.773606442   -0.773606442   -0.773606439
   13.963963964   -0.769992504   -0.769992504   -0.769992502
   13.978978979   -0.765783440   -0.765783440   -0.765783438
   13.993993994   -0.760988608   -0.760988608   -0.760988605
   14.009009009   -0.755885137   -0.755885137   -0.755885135
   14.024024024   -0.750378052   -0.750378052   -0.750378050
   14.039039039   -0.744407038   -0.744407038   -0.744407035
   14.054054054   -0.738414741   -0.738414741   -0.738414738
   14.069069069   -0.733156163   -0.733156163   -0.733156160
   14.084084084   -0.729057854   -0.729057854   -0.729057851
   14.099099099   -0.725864160   -0.725864160   -0.725864158
   14.114114114   -0.723237524   -0.723237524   -0.723237522
   14.129129129   -0.721107663   -0.721107663   -0.721107660
   14.144144144   -0.719573126   -0.719573125   -0.719573123
   14.159159159   -0.718078494   -0.718078494   -0.718078491
   14.174174174   -0.715233825   -0.715233825   -0.715233823
   14.189189189   -0.710403050   -0.710403050   -0.710403047
   14.204204204   -0.704094857   -0.704094857   -0.704094854
   14.219219219   -0.697084672   -0.697084672   -0.697084669
   14.234234234   -0.690153708   -0.690153708   -0.690153705
   14.249249249   -0.683802560   -0.683802559   -0.683802557
   14.264264264   -0.678265957   -0.678265957   -0.678265954
   14.279279279   -0.674012617   -0.674012617   -0.674012614
   14.294294294   -0.671391964   -0.671391964   -0.671391962
   14.309309309   -0.670250949   -0.670250949   -0.670250946
   14.324324324   -0.670010067   -0.670010067   -0.670010064
   14.339339339   -0.669659024   -0.669659024   -0.669659021
   14.354354354   -0.668407056   -0.668407055   -0.668407053
   14.369369369   -0.665889095   -0.665889095   -0.665889092
   14.384384384   -0.661761040   -0.661761040   -0.661761038
   14.399399399   -0.655585965   -0.655585965   -0.655585962
   14.414414414   -0.647821514   -0.647821514   -0.647821511
   14.429429429   -0.639751318   -0.639751317   -0.639751315
   14.444444444   -0.632674378   -0.632674378   -0.632674375
   14.459459459   -0.627639189   -0.627639189   -0.627639186
   14.474474474   -0.624801011   -0.624801011   -0.624801009
   14.489489489   -0.623241093   -0.623241093   -0.623241090
   14.504504505   -0.622036607   -0.622036607   -0.622036605
   14.519519520   -0.620715208   -0.620715208   -0.620715205
   14.534534535   -0.618923916   -0.618923915   -0.618923913
   14.549549550   -0.616324471   -0.616324471   -0.616324468
   14.564564565   -0.612718736   -0.612718735   -0.612718733
   14.579579580   -0.608135482   -0.608135482   -0.608135479
   14.594594595   -0.603393855   -0.603393855   -0.603393853
   14.609609610   -0.600013775   -0.600013775   -0.600013772
   14.624624625   -0.599132105   -0.599132104   -0.599132102
   14.639639640   -0.600290329   -0.600290328   -0.600290326
   14.654654655   -0.601552529   -0.601552528   -0.601552526
   14.669669670   -0.601099278   -0.601099278   -0.601099276
   14.684684685   -0.598516954   -0.598516954   -0.598516952
   14.699699700   -0.594813969   -0.594813969   -0.594813966
   14.714714715   -0.591413360   -0.591413359   -0.591413357
   14.729729730   -0.588836742   -0.588836742   -0.588836740
   14.744744745   -0.586713088   -0.586713088   -0.586713085
   14.759759760   -0.584472764   -0.584472763   -0.584472761
   14.774774775   -0.581641496   -0.581641495   -0.581641493
   14.789789790   -0.578311922   -0.578311922   -0.578311919
   14.804804805   -0.574872960   -0.574872960   -0.574872958
   14.819819820   -0.571692813   -0.571692813   -0.571692810
   14.834834835   -0.569183658   -0.569183658   -0.569183655
   14.849849850   -0.567590094   -0.567590094   -0.567590091
   14.864864865   -0.566562545   -0.566562545   -0.566562542
   14.879879880   -0.565528437   -0.565528436   -0.565528434
   14.894894895   -0.564499436   -0.564499436   -0.564499433
   14.909909910   -0.563730702   -0.563730702   -0.563730700
   14.924924925   -0.562893291   -0.562893290   -0.562893288
   14.939939940   -0.561093438   -0.561093437   -0.561093435
   14.954954955   -0.557703747   -0.557703747   -0.557703744
   14.969969970   -0.553054868   -0.553054868   -0.553054865
   14.984984985   -0.548069637   -0.548069636   -0.548069634
   15.000000000   -0.543691972   -0.543691972   -0.543691969
