# energy grid [eV]     ieps_x  ieps_y  ieps_z
#
    0.000000000   16.228701943   16.228701943   16.228701943
    0.015015015   16.227355485   16.227355485   16.227355485
    0.030030030   16.225024898   16.225024898   16.225024898
    0.045045045   16.222205714   16.222205714   16.222205714
    0.060060060   16.218904526   16.218904526   16.218904526
    0.075075075   16.215122090   16.215122090   16.215122090
    0.090090090   16.210859249   16.210859249   16.210859249
    0.105105105   16.206116949   16.206116949   16.206116949
    0.120120120   16.200896244   16.200896244   16.200896244
    0.135135135   16.195198290   16.195198290   16.195198290
    0.150150150   16.189024348   16.189024348   16.189024348
    0.165165165   16.182375784   16.182375784   16.182375784
    0.180180180   16.175254063   16.175254063   16.175254063
    0.195195195   16.167660753   16.167660753   16.167660753
    0.210210210   16.159597523   16.159597523   16.159597523
    0.225225225   16.151066141   16.151066141   16.151066141
    0.240240240   16.142068473   16.142068473   16.142068473
    0.255255255   16.132606482   16.132606482   16.132606482
    0.270270270   16.122682228   16.122682228   16.122682228
    0.285285285   16.112297866   16.112297866   16.112297866
    0.300300300   16.101455642   16.101455642   16.101455642
    0.315315315   16.090157898   16.090157898   16.090157898
    0.330330330   16.078407065   16.078407065   16.078407065
    0.345345345   16.066205662   16.066205662   16.066205662
    0.360360360   16.053556299   16.053556299   16.053556299
    0.375375375   16.040461670   16.040461670   16.040461670
    0.390390390   16.026924555   16.026924555   16.026924555
    0.405405405   16.012947817   16.012947817   16.012947817
    0.420420420   15.998534402   15.998534402   15.998534402
    0.435435435   15.983687333   15.983687333   15.983687333
    0.450450450   15.968409715   15.968409715   15.968409715
    0.465465465   15.952704726   15.952704726   15.952704726
    0.480480480   15.936575622   15.936575622   15.936575622
    0.495495495   15.920025730   15.920025730   15.920025730
    0.510510511   15.903058449   15.903058449   15.903058449
    0.525525526   15.885677248   15.885677247   15.885677248
    0.540540541   15.867885661   15.867885661   15.867885661
    0.555555556   15.849687291   15.849687291   15.849687291
    0.570570571   15.831085802   15.831085802   15.831085802
    0.585585586   15.812084922   15.812084922   15.812084922
    0.600600601   15.792688437   15.792688437   15.792688437
    0.615615616   15.772900192   15.772900192   15.772900192
    0.630630631   15.752724087   15.752724087   15.752724087
    0.645645646   15.732164078   15.732164078   15.732164078
    0.660660661   15.711224171   15.711224171   15.711224171
    0.675675676   15.689908422   15.689908422   15.689908422
    0.690690691   15.668220937   15.668220937   15.668220937
    0.705705706   15.646165866   15.646165866   15.646165866
    0.720720721   15.623747403   15.623747403   15.623747403
    0.735735736   15.600969786   15.600969786   15.600969786
    0.750750751   15.577837291   15.577837291   15.577837291
    0.765765766   15.554354234   15.554354234   15.554354234
    0.780780781   15.530524965   15.530524965   15.530524965
    0.795795796   15.506353869   15.506353869   15.506353869
    0.810810811   15.481845363   15.481845363   15.481845363
    0.825825826   15.457003896   15.457003896   15.457003896
    0.840840841   15.431833943   15.431833943   15.431833943
    0.855855856   15.406340005   15.406340005   15.406340005
    0.870870871   15.380526609   15.380526609   15.380526609
    0.885885886   15.354398304   15.354398304   15.354398304
    0.900900901   15.327959659   15.327959659   15.327959659
    0.915915916   15.301215263   15.301215263   15.301215263
    0.930930931   15.274169720   15.274169720   15.274169720
    0.945945946   15.246827651   15.246827651   15.246827651
    0.960960961   15.219193689   15.219193689   15.219193689
    0.975975976   15.191272479   15.191272479   15.191272479
    0.990990991   15.163068676   15.163068676   15.163068676
    1.006006006   15.134586942   15.134586942   15.134586942
    1.021021021   15.105831945   15.105831945   15.105831945
    1.036036036   15.076808361   15.076808361   15.076808361
    1.051051051   15.047520864   15.047520864   15.047520864
    1.066066066   15.017974132   15.017974132   15.017974132
    1.081081081   14.988172843   14.988172843   14.988172843
    1.096096096   14.958121671   14.958121671   14.958121671
    1.111111111   14.927825290   14.927825290   14.927825290
    1.126126126   14.897288366   14.897288366   14.897288366
    1.141141141   14.866515559   14.866515559   14.866515559
    1.156156156   14.835511523   14.835511523   14.835511523
    1.171171171   14.804280900   14.804280900   14.804280900
    1.186186186   14.772828324   14.772828324   14.772828324
    1.201201201   14.741158414   14.741158414   14.741158414
    1.216216216   14.709275778   14.709275778   14.709275778
    1.231231231   14.677185009   14.677185009   14.677185009
    1.246246246   14.644890684   14.644890684   14.644890684
    1.261261261   14.612397360   14.612397360   14.612397360
    1.276276276   14.579709580   14.579709580   14.579709580
    1.291291291   14.546831865   14.546831865   14.546831865
    1.306306306   14.513768716   14.513768716   14.513768716
    1.321321321   14.480524611   14.480524611   14.480524611
    1.336336336   14.447104007   14.447104007   14.447104007
    1.351351351   14.413511336   14.413511336   14.413511336
    1.366366366   14.379751006   14.379751006   14.379751006
    1.381381381   14.345827397   14.345827397   14.345827397
    1.396396396   14.311744865   14.311744865   14.311744865
    1.411411411   14.277507737   14.277507737   14.277507737
    1.426426426   14.243120311   14.243120311   14.243120311
    1.441441441   14.208586856   14.208586856   14.208586856
    1.456456456   14.173911612   14.173911612   14.173911612
    1.471471471   14.139098786   14.139098786   14.139098786
    1.486486486   14.104152555   14.104152555   14.104152555
    1.501501502   14.069077062   14.069077062   14.069077062
    1.516516517   14.033876418   14.033876418   14.033876418
    1.531531532   13.998554700   13.998554700   13.998554700
    1.546546547   13.963115951   13.963115951   13.963115951
    1.561561562   13.927564178   13.927564178   13.927564178
    1.576576577   13.891903354   13.891903354   13.891903354
    1.591591592   13.856137414   13.856137414   13.856137414
    1.606606607   13.820270257   13.820270257   13.820270257
    1.621621622   13.784305747   13.784305747   13.784305747
    1.636636637   13.748247708   13.748247708   13.748247708
    1.651651652   13.712099926   13.712099926   13.712099926
    1.666666667   13.675866152   13.675866152   13.675866152
    1.681681682   13.639550093   13.639550093   13.639550093
    1.696696697   13.603155423   13.603155423   13.603155423
    1.711711712   13.566685771   13.566685771   13.566685771
    1.726726727   13.530144730   13.530144730   13.530144730
    1.741741742   13.493535851   13.493535851   13.493535851
    1.756756757   13.456862647   13.456862647   13.456862647
    1.771771772   13.420128589   13.420128589   13.420128589
    1.786786787   13.383337108   13.383337108   13.383337108
    1.801801802   13.346491594   13.346491594   13.346491594
    1.816816817   13.309595395   13.309595395   13.309595395
    1.831831832   13.272651819   13.272651819   13.272651819
    1.846846847   13.235664135   13.235664135   13.235664135
    1.861861862   13.198635566   13.198635566   13.198635566
    1.876876877   13.161569297   13.161569297   13.161569297
    1.891891892   13.124468471   13.124468471   13.124468471
    1.906906907   13.087336189   13.087336189   13.087336189
    1.921921922   13.050175511   13.050175511   13.050175511
    1.936936937   13.012989455   13.012989455   13.012989455
    1.951951952   12.975780997   12.975780997   12.975780997
    1.966966967   12.938553074   12.938553074   12.938553074
    1.981981982   12.901308579   12.901308579   12.901308579
    1.996996997   12.864050364   12.864050364   12.864050364
    2.012012012   12.826781241   12.826781241   12.826781241
    2.027027027   12.789503981   12.789503981   12.789503981
    2.042042042   12.752221312   12.752221312   12.752221312
    2.057057057   12.714935922   12.714935922   12.714935922
    2.072072072   12.677650458   12.677650458   12.677650458
    2.087087087   12.640367528   12.640367528   12.640367528
    2.102102102   12.603089698   12.603089698   12.603089698
    2.117117117   12.565819492   12.565819492   12.565819492
    2.132132132   12.528559397   12.528559397   12.528559397
    2.147147147   12.491311859   12.491311859   12.491311859
    2.162162162   12.454079283   12.454079283   12.454079283
    2.177177177   12.416864034   12.416864034   12.416864035
    2.192192192   12.379668442   12.379668442   12.379668442
    2.207207207   12.342494792   12.342494792   12.342494792
    2.222222222   12.305345334   12.305345334   12.305345334
    2.237237237   12.268222279   12.268222279   12.268222279
    2.252252252   12.231127797   12.231127797   12.231127797
    2.267267267   12.194064023   12.194064023   12.194064023
    2.282282282   12.157033053   12.157033053   12.157033053
    2.297297297   12.120036945   12.120036945   12.120036945
    2.312312312   12.083077720   12.083077720   12.083077720
    2.327327327   12.046157362   12.046157362   12.046157362
    2.342342342   12.009277818   12.009277818   12.009277818
    2.357357357   11.972441000   11.972441000   11.972441000
    2.372372372   11.935648782   11.935648782   11.935648782
    2.387387387   11.898903003   11.898903003   11.898903003
    2.402402402   11.862205467   11.862205467   11.862205467
    2.417417417   11.825557942   11.825557942   11.825557942
    2.432432432   11.788962163   11.788962163   11.788962163
    2.447447447   11.752419827   11.752419827   11.752419827
    2.462462462   11.715932600   11.715932600   11.715932600
    2.477477477   11.679502114   11.679502114   11.679502114
    2.492492492   11.643129965   11.643129965   11.643129965
    2.507507508   11.606817718   11.606817718   11.606817718
    2.522522523   11.570566906   11.570566906   11.570566906
    2.537537538   11.534379027   11.534379027   11.534379027
    2.552552553   11.498255548   11.498255548   11.498255548
    2.567567568   11.462197905   11.462197905   11.462197905
    2.582582583   11.426207502   11.426207502   11.426207502
    2.597597598   11.390285711   11.390285711   11.390285711
    2.612612613   11.354433875   11.354433875   11.354433875
    2.627627628   11.318653306   11.318653306   11.318653306
    2.642642643   11.282945285   11.282945285   11.282945285
    2.657657658   11.247311065   11.247311065   11.247311065
    2.672672673   11.211751869   11.211751869   11.211751869
    2.687687688   11.176268890   11.176268890   11.176268890
    2.702702703   11.140863295   11.140863295   11.140863295
    2.717717718   11.105536219   11.105536219   11.105536219
    2.732732733   11.070288774   11.070288774   11.070288774
    2.747747748   11.035122040   11.035122040   11.035122040
    2.762762763   11.000037073   11.000037073   11.000037073
    2.777777778   10.965034899   10.965034899   10.965034899
    2.792792793   10.930116522   10.930116522   10.930116522
    2.807807808   10.895282916   10.895282916   10.895282916
    2.822822823   10.860535030   10.860535030   10.860535030
    2.837837838   10.825873790   10.825873790   10.825873790
    2.852852853   10.791300094   10.791300094   10.791300094
    2.867867868   10.756814816   10.756814816   10.756814816
    2.882882883   10.722418808   10.722418808   10.722418808
    2.897897898   10.688112896   10.688112896   10.688112896
    2.912912913   10.653897881   10.653897881   10.653897881
    2.927927928   10.619774544   10.619774544   10.619774544
    2.942942943   10.585743640   10.585743640   10.585743640
    2.957957958   10.551805903   10.551805903   10.551805903
    2.972972973   10.517962045   10.517962045   10.517962045
    2.987987988   10.484212754   10.484212754   10.484212754
    3.003003003   10.450558699   10.450558699   10.450558699
    3.018018018   10.417000526   10.417000526   10.417000526
    3.033033033   10.383538861   10.383538861   10.383538861
    3.048048048   10.350174308   10.350174308   10.350174308
    3.063063063   10.316907451   10.316907451   10.316907451
    3.078078078   10.283738855   10.283738855   10.283738855
    3.093093093   10.250669066   10.250669066   10.250669066
    3.108108108   10.217698607   10.217698607   10.217698607
    3.123123123   10.184827985   10.184827985   10.184827985
    3.138138138   10.152057688   10.152057688   10.152057688
    3.153153153   10.119388185   10.119388185   10.119388185
    3.168168168   10.086819927   10.086819927   10.086819927
    3.183183183   10.054353346   10.054353346   10.054353346
    3.198198198   10.021988857   10.021988857   10.021988857
    3.213213213    9.989726860    9.989726860    9.989726860
    3.228228228    9.957567734    9.957567734    9.957567734
    3.243243243    9.925511845    9.925511845    9.925511845
    3.258258258    9.893559541    9.893559541    9.893559541
    3.273273273    9.861711153    9.861711153    9.861711153
    3.288288288    9.829966997    9.829966997    9.829966997
    3.303303303    9.798327373    9.798327373    9.798327373
    3.318318318    9.766792568    9.766792568    9.766792568
    3.333333333    9.735362851    9.735362851    9.735362851
    3.348348348    9.704038477    9.704038477    9.704038477
    3.363363363    9.672819687    9.672819687    9.672819687
    3.378378378    9.641706708    9.641706708    9.641706708
    3.393393393    9.610699752    9.610699752    9.610699752
    3.408408408    9.579799018    9.579799018    9.579799018
    3.423423423    9.549004693    9.549004693    9.549004693
    3.438438438    9.518316947    9.518316947    9.518316947
    3.453453453    9.487735940    9.487735940    9.487735940
    3.468468468    9.457261819    9.457261819    9.457261819
    3.483483483    9.426894718    9.426894718    9.426894718
    3.498498498    9.396634758    9.396634758    9.396634758
    3.513513514    9.366482049    9.366482049    9.366482049
    3.528528529    9.336436689    9.336436689    9.336436689
    3.543543544    9.306498765    9.306498765    9.306498765
    3.558558559    9.276668351    9.276668351    9.276668351
    3.573573574    9.246945511    9.246945511    9.246945511
    3.588588589    9.217330299    9.217330299    9.217330299
    3.603603604    9.187822757    9.187822757    9.187822757
    3.618618619    9.158422916    9.158422916    9.158422916
    3.633633634    9.129130798    9.129130798    9.129130798
    3.648648649    9.099946415    9.099946415    9.099946415
    3.663663664    9.070869768    9.070869768    9.070869768
    3.678678679    9.041900850    9.041900850    9.041900850
    3.693693694    9.013039643    9.013039643    9.013039643
    3.708708709    8.984286121    8.984286121    8.984286121
    3.723723724    8.955640248    8.955640248    8.955640248
    3.738738739    8.927101979    8.927101979    8.927101979
    3.753753754    8.898671261    8.898671261    8.898671261
    3.768768769    8.870348033    8.870348033    8.870348033
    3.783783784    8.842132225    8.842132225    8.842132225
    3.798798799    8.814023758    8.814023758    8.814023758
    3.813813814    8.786022546    8.786022546    8.786022546
    3.828828829    8.758128496    8.758128496    8.758128496
    3.843843844    8.730341506    8.730341506    8.730341506
    3.858858859    8.702661467    8.702661467    8.702661467
    3.873873874    8.675088263    8.675088263    8.675088263
    3.888888889    8.647621771    8.647621771    8.647621771
    3.903903904    8.620261861    8.620261861    8.620261861
    3.918918919    8.593008396    8.593008396    8.593008396
    3.933933934    8.565861232    8.565861232    8.565861232
    3.948948949    8.538820219    8.538820219    8.538820219
    3.963963964    8.511885200    8.511885200    8.511885200
    3.978978979    8.485056014    8.485056014    8.485056014
    3.993993994    8.458332492    8.458332492    8.458332492
    4.009009009    8.431714459    8.431714459    8.431714459
    4.024024024    8.405201735    8.405201735    8.405201735
    4.039039039    8.378794134    8.378794134    8.378794134
    4.054054054    8.352491465    8.352491465    8.352491465
    4.069069069    8.326293532    8.326293532    8.326293532
    4.084084084    8.300200133    8.300200133    8.300200133
    4.099099099    8.274211061    8.274211061    8.274211061
    4.114114114    8.248326104    8.248326104    8.248326104
    4.129129129    8.222545046    8.222545046    8.222545046
    4.144144144    8.196867666    8.196867666    8.196867666
    4.159159159    8.171293738    8.171293738    8.171293738
    4.174174174    8.145823031    8.145823031    8.145823031
    4.189189189    8.120455312    8.120455312    8.120455312
    4.204204204    8.095190341    8.095190341    8.095190341
    4.219219219    8.070027877    8.070027877    8.070027877
    4.234234234    8.044967671    8.044967671    8.044967671
    4.249249249    8.020009474    8.020009474    8.020009474
    4.264264264    7.995153032    7.995153032    7.995153032
    4.279279279    7.970398085    7.970398085    7.970398085
    4.294294294    7.945744374    7.945744374    7.945744374
    4.309309309    7.921191632    7.921191632    7.921191632
    4.324324324    7.896739592    7.896739592    7.896739592
    4.339339339    7.872387981    7.872387981    7.872387981
    4.354354354    7.848136526    7.848136526    7.848136526
    4.369369369    7.823984949    7.823984949    7.823984949
    4.384384384    7.799932968    7.799932968    7.799932968
    4.399399399    7.775980301    7.775980301    7.775980301
    4.414414414    7.752126661    7.752126661    7.752126661
    4.429429429    7.728371759    7.728371759    7.728371759
    4.444444444    7.704715304    7.704715304    7.704715304
    4.459459459    7.681157002    7.681157002    7.681157002
    4.474474474    7.657696555    7.657696555    7.657696555
    4.489489489    7.634333666    7.634333666    7.634333666
    4.504504505    7.611068034    7.611068034    7.611068034
    4.519519520    7.587899355    7.587899355    7.587899355
    4.534534535    7.564827323    7.564827323    7.564827323
    4.549549550    7.541851632    7.541851632    7.541851632
    4.564564565    7.518971972    7.518971972    7.518971972
    4.579579580    7.496188032    7.496188032    7.496188032
    4.594594595    7.473499499    7.473499499    7.473499499
    4.609609610    7.450906059    7.450906059    7.450906059
    4.624624625    7.428407395    7.428407395    7.428407395
    4.639639640    7.406003189    7.406003189    7.406003189
    4.654654655    7.383693122    7.383693122    7.383693122
    4.669669670    7.361476873    7.361476873    7.361476873
    4.684684685    7.339354119    7.339354119    7.339354119
    4.699699700    7.317324537    7.317324537    7.317324537
    4.714714715    7.295387803    7.295387803    7.295387803
    4.729729730    7.273543589    7.273543589    7.273543589
    4.744744745    7.251791569    7.251791569    7.251791569
    4.759759760    7.230131415    7.230131415    7.230131415
    4.774774775    7.208562796    7.208562796    7.208562797
    4.789789790    7.187085384    7.187085384    7.187085384
    4.804804805    7.165698846    7.165698846    7.165698846
    4.819819820    7.144402851    7.144402851    7.144402851
    4.834834835    7.123197065    7.123197065    7.123197065
    4.849849850    7.102081155    7.102081155    7.102081155
    4.864864865    7.081054786    7.081054786    7.081054786
    4.879879880    7.060117624    7.060117624    7.060117624
    4.894894895    7.039269333    7.039269333    7.039269333
    4.909909910    7.018509576    7.018509576    7.018509576
    4.924924925    6.997838016    6.997838016    6.997838016
    4.939939940    6.977254317    6.977254317    6.977254317
    4.954954955    6.956758141    6.956758141    6.956758141
    4.969969970    6.936349150    6.936349150    6.936349150
    4.984984985    6.916027005    6.916027005    6.916027005
    5.000000000    6.895791368    6.895791368    6.895791368
    5.015015015    6.875641900    6.875641900    6.875641900
    5.030030030    6.855578261    6.855578261    6.855578261
    5.045045045    6.835600112    6.835600112    6.835600112
    5.060060060    6.815707114    6.815707114    6.815707114
    5.075075075    6.795898927    6.795898927    6.795898927
    5.090090090    6.776175211    6.776175211    6.776175211
    5.105105105    6.756535627    6.756535627    6.756535627
    5.120120120    6.736979835    6.736979835    6.736979835
    5.135135135    6.717507495    6.717507495    6.717507495
    5.150150150    6.698118268    6.698118268    6.698118268
    5.165165165    6.678811813    6.678811813    6.678811813
    5.180180180    6.659587793    6.659587793    6.659587793
    5.195195195    6.640445867    6.640445867    6.640445867
    5.210210210    6.621385696    6.621385696    6.621385696
    5.225225225    6.602406942    6.602406942    6.602406942
    5.240240240    6.583509265    6.583509265    6.583509265
    5.255255255    6.564692329    6.564692329    6.564692329
    5.270270270    6.545955794    6.545955794    6.545955794
    5.285285285    6.527299323    6.527299323    6.527299323
    5.300300300    6.508722579    6.508722579    6.508722579
    5.315315315    6.490225225    6.490225225    6.490225225
    5.330330330    6.471806924    6.471806924    6.471806924
    5.345345345    6.453467341    6.453467341    6.453467341
    5.360360360    6.435206139    6.435206139    6.435206139
    5.375375375    6.417022984    6.417022984    6.417022984
    5.390390390    6.398917541    6.398917541    6.398917541
    5.405405405    6.380889476    6.380889476    6.380889476
    5.420420420    6.362938455    6.362938455    6.362938455
    5.435435435    6.345064146    6.345064146    6.345064146
    5.450450450    6.327266215    6.327266215    6.327266215
    5.465465465    6.309544332    6.309544332    6.309544332
    5.480480480    6.291898165    6.291898165    6.291898165
    5.495495495    6.274327383    6.274327383    6.274327383
    5.510510511    6.256831657    6.256831657    6.256831657
    5.525525526    6.239410658    6.239410658    6.239410658
    5.540540541    6.222064057    6.222064057    6.222064057
    5.555555556    6.204791526    6.204791526    6.204791526
    5.570570571    6.187592739    6.187592739    6.187592739
    5.585585586    6.170467368    6.170467368    6.170467368
    5.600600601    6.153415090    6.153415090    6.153415090
    5.615615616    6.136435578    6.136435578    6.136435578
    5.630630631    6.119528510    6.119528510    6.119528510
    5.645645646    6.102693561    6.102693561    6.102693561
    5.660660661    6.085930410    6.085930410    6.085930410
    5.675675676    6.069238736    6.069238736    6.069238736
    5.690690691    6.052618217    6.052618217    6.052618217
    5.705705706    6.036068534    6.036068534    6.036068534
    5.720720721    6.019589368    6.019589368    6.019589368
    5.735735736    6.003180401    6.003180401    6.003180401
    5.750750751    5.986841316    5.986841316    5.986841316
    5.765765766    5.970571797    5.970571797    5.970571797
    5.780780781    5.954371529    5.954371529    5.954371529
    5.795795796    5.938240197    5.938240197    5.938240197
    5.810810811    5.922177488    5.922177488    5.922177488
    5.825825826    5.906183090    5.906183090    5.906183090
    5.840840841    5.890256691    5.890256691    5.890256691
    5.855855856    5.874397980    5.874397980    5.874397980
    5.870870871    5.858606649    5.858606649    5.858606649
    5.885885886    5.842882388    5.842882388    5.842882388
    5.900900901    5.827224890    5.827224890    5.827224890
    5.915915916    5.811633848    5.811633848    5.811633848
    5.930930931    5.796108958    5.796108958    5.796108958
    5.945945946    5.780649914    5.780649914    5.780649914
    5.960960961    5.765256413    5.765256413    5.765256413
    5.975975976    5.749928152    5.749928152    5.749928152
    5.990990991    5.734664831    5.734664831    5.734664831
    6.006006006    5.719466148    5.719466148    5.719466148
    6.021021021    5.704331805    5.704331805    5.704331805
    6.036036036    5.689261503    5.689261503    5.689261503
    6.051051051    5.674254945    5.674254945    5.674254945
    6.066066066    5.659311835    5.659311835    5.659311835
    6.081081081    5.644431878    5.644431878    5.644431878
    6.096096096    5.629614779    5.629614779    5.629614779
    6.111111111    5.614860247    5.614860247    5.614860247
    6.126126126    5.600167988    5.600167988    5.600167988
    6.141141141    5.585537713    5.585537713    5.585537713
    6.156156156    5.570969131    5.570969131    5.570969131
    6.171171171    5.556461954    5.556461954    5.556461954
    6.186186186    5.542015895    5.542015895    5.542015895
    6.201201201    5.527630667    5.527630667    5.527630667
    6.216216216    5.513305985    5.513305985    5.513305985
    6.231231231    5.499041565    5.499041565    5.499041565
    6.246246246    5.484837124    5.484837124    5.484837124
    6.261261261    5.470692380    5.470692380    5.470692380
    6.276276276    5.456607052    5.456607052    5.456607052
    6.291291291    5.442580861    5.442580861    5.442580861
    6.306306306    5.428613528    5.428613528    5.428613528
    6.321321321    5.414704775    5.414704775    5.414704775
    6.336336336    5.400854326    5.400854326    5.400854326
    6.351351351    5.387061906    5.387061906    5.387061906
    6.366366366    5.373327241    5.373327241    5.373327241
    6.381381381    5.359650058    5.359650058    5.359650058
    6.396396396    5.346030086    5.346030086    5.346030086
    6.411411411    5.332467053    5.332467053    5.332467053
    6.426426426    5.318960690    5.318960690    5.318960690
    6.441441441    5.305510728    5.305510728    5.305510728
    6.456456456    5.292116901    5.292116901    5.292116901
    6.471471471    5.278778942    5.278778942    5.278778942
    6.486486486    5.265496587    5.265496587    5.265496587
    6.501501502    5.252269570    5.252269570    5.252269570
    6.516516517    5.239097630    5.239097630    5.239097630
    6.531531532    5.225980505    5.225980505    5.225980505
    6.546546547    5.212917935    5.212917935    5.212917935
    6.561561562    5.199909659    5.199909659    5.199909659
    6.576576577    5.186955421    5.186955421    5.186955421
    6.591591592    5.174054962    5.174054962    5.174054962
    6.606606607    5.161208027    5.161208027    5.161208027
    6.621621622    5.148414361    5.148414361    5.148414361
    6.636636637    5.135673711    5.135673711    5.135673711
    6.651651652    5.122985823    5.122985823    5.122985823
    6.666666667    5.110350446    5.110350446    5.110350446
    6.681681682    5.097767330    5.097767330    5.097767330
    6.696696697    5.085236226    5.085236226    5.085236226
    6.711711712    5.072756886    5.072756886    5.072756886
    6.726726727    5.060329063    5.060329063    5.060329063
    6.741741742    5.047952510    5.047952510    5.047952510
    6.756756757    5.035626983    5.035626983    5.035626983
    6.771771772    5.023352239    5.023352239    5.023352239
    6.786786787    5.011128036    5.011128036    5.011128036
    6.801801802    4.998954130    4.998954130    4.998954130
    6.816816817    4.986830284    4.986830284    4.986830284
    6.831831832    4.974756256    4.974756256    4.974756256
    6.846846847    4.962731810    4.962731810    4.962731810
    6.861861862    4.950756708    4.950756708    4.950756708
    6.876876877    4.938830714    4.938830714    4.938830714
    6.891891892    4.926953594    4.926953594    4.926953594
    6.906906907    4.915125114    4.915125114    4.915125114
    6.921921922    4.903345042    4.903345042    4.903345042
    6.936936937    4.891613145    4.891613145    4.891613145
    6.951951952    4.879929194    4.879929194    4.879929194
    6.966966967    4.868292960    4.868292960    4.868292960
    6.981981982    4.856704213    4.856704213    4.856704213
    6.996996997    4.845162728    4.845162728    4.845162728
    7.012012012    4.833668277    4.833668277    4.833668277
    7.027027027    4.822220637    4.822220637    4.822220637
    7.042042042    4.810819582    4.810819582    4.810819582
    7.057057057    4.799464891    4.799464891    4.799464891
    7.072072072    4.788156341    4.788156341    4.788156341
    7.087087087    4.776893712    4.776893712    4.776893712
    7.102102102    4.765676785    4.765676785    4.765676785
    7.117117117    4.754505339    4.754505339    4.754505339
    7.132132132    4.743379159    4.743379159    4.743379159
    7.147147147    4.732298028    4.732298028    4.732298028
    7.162162162    4.721261730    4.721261730    4.721261730
    7.177177177    4.710270050    4.710270050    4.710270050
    7.192192192    4.699322776    4.699322776    4.699322776
    7.207207207    4.688419695    4.688419695    4.688419695
    7.222222222    4.677560596    4.677560596    4.677560596
    7.237237237    4.666745269    4.666745269    4.666745269
    7.252252252    4.655973505    4.655973505    4.655973505
    7.267267267    4.645245094    4.645245094    4.645245094
    7.282282282    4.634559831    4.634559831    4.634559831
    7.297297297    4.623917509    4.623917509    4.623917509
    7.312312312    4.613317923    4.613317923    4.613317923
    7.327327327    4.602760869    4.602760869    4.602760869
    7.342342342    4.592246143    4.592246143    4.592246143
    7.357357357    4.581773545    4.581773545    4.581773545
    7.372372372    4.571342871    4.571342871    4.571342871
    7.387387387    4.560953924    4.560953924    4.560953924
    7.402402402    4.550606502    4.550606502    4.550606502
    7.417417417    4.540300409    4.540300409    4.540300409
    7.432432432    4.530035447    4.530035447    4.530035447
    7.447447447    4.519811420    4.519811420    4.519811420
    7.462462462    4.509628132    4.509628132    4.509628132
    7.477477477    4.499485391    4.499485391    4.499485391
    7.492492492    4.489383001    4.489383001    4.489383001
    7.507507508    4.479320772    4.479320772    4.479320772
    7.522522523    4.469298512    4.469298512    4.469298512
    7.537537538    4.459316030    4.459316030    4.459316030
    7.552552553    4.449373138    4.449373138    4.449373138
    7.567567568    4.439469646    4.439469646    4.439469646
    7.582582583    4.429605367    4.429605367    4.429605367
    7.597597598    4.419780115    4.419780115    4.419780115
    7.612612613    4.409993704    4.409993704    4.409993704
    7.627627628    4.400245950    4.400245950    4.400245950
    7.642642643    4.390536669    4.390536669    4.390536669
    7.657657658    4.380865677    4.380865677    4.380865677
    7.672672673    4.371232794    4.371232794    4.371232794
    7.687687688    4.361637837    4.361637837    4.361637837
    7.702702703    4.352080628    4.352080628    4.352080628
    7.717717718    4.342560987    4.342560987    4.342560987
    7.732732733    4.333078736    4.333078736    4.333078736
    7.747747748    4.323633697    4.323633697    4.323633697
    7.762762763    4.314225694    4.314225694    4.314225694
    7.777777778    4.304854552    4.304854552    4.304854552
    7.792792793    4.295520096    4.295520096    4.295520096
    7.807807808    4.286222152    4.286222152    4.286222152
    7.822822823    4.276960548    4.276960548    4.276960548
    7.837837838    4.267735111    4.267735111    4.267735111
    7.852852853    4.258545671    4.258545671    4.258545671
    7.867867868    4.249392056    4.249392056    4.249392056
    7.882882883    4.240274099    4.240274099    4.240274099
    7.897897898    4.231191630    4.231191630    4.231191630
    7.912912913    4.222144482    4.222144482    4.222144482
    7.927927928    4.213132488    4.213132488    4.213132488
    7.942942943    4.204155483    4.204155483    4.204155483
    7.957957958    4.195213300    4.195213300    4.195213300
    7.972972973    4.186305777    4.186305777    4.186305777
    7.987987988    4.177432749    4.177432749    4.177432749
    8.003003003    4.168594054    4.168594054    4.168594054
    8.018018018    4.159789531    4.159789531    4.159789531
    8.033033033    4.151019018    4.151019018    4.151019018
    8.048048048    4.142282356    4.142282356    4.142282356
    8.063063063    4.133579386    4.133579386    4.133579386
    8.078078078    4.124909948    4.124909948    4.124909948
    8.093093093    4.116273886    4.116273886    4.116273886
    8.108108108    4.107671043    4.107671043    4.107671043
    8.123123123    4.099101263    4.099101263    4.099101263
    8.138138138    4.090564390    4.090564390    4.090564390
    8.153153153    4.082060271    4.082060271    4.082060271
    8.168168168    4.073588751    4.073588751    4.073588751
    8.183183183    4.065149679    4.065149679    4.065149679
    8.198198198    4.056742901    4.056742901    4.056742901
    8.213213213    4.048368268    4.048368268    4.048368268
    8.228228228    4.040025628    4.040025628    4.040025628
    8.243243243    4.031714832    4.031714832    4.031714832
    8.258258258    4.023435731    4.023435731    4.023435731
    8.273273273    4.015188177    4.015188177    4.015188177
    8.288288288    4.006972023    4.006972023    4.006972023
    8.303303303    3.998787123    3.998787123    3.998787123
    8.318318318    3.990633329    3.990633329    3.990633329
    8.333333333    3.982510498    3.982510498    3.982510498
    8.348348348    3.974418485    3.974418485    3.974418485
    8.363363363    3.966357147    3.966357147    3.966357147
    8.378378378    3.958326340    3.958326340    3.958326340
    8.393393393    3.950325923    3.950325923    3.950325923
    8.408408408    3.942355754    3.942355754    3.942355754
    8.423423423    3.934415694    3.934415694    3.934415694
    8.438438438    3.926505601    3.926505601    3.926505601
    8.453453453    3.918625337    3.918625337    3.918625337
    8.468468468    3.910774763    3.910774763    3.910774763
    8.483483483    3.902953742    3.902953742    3.902953742
    8.498498498    3.895162137    3.895162137    3.895162137
    8.513513514    3.887399812    3.887399812    3.887399812
    8.528528529    3.879666630    3.879666630    3.879666630
    8.543543544    3.871962458    3.871962458    3.871962458
    8.558558559    3.864287160    3.864287160    3.864287160
    8.573573574    3.856640604    3.856640604    3.856640604
    8.588588589    3.849022657    3.849022657    3.849022657
    8.603603604    3.841433186    3.841433186    3.841433186
    8.618618619    3.833872060    3.833872060    3.833872060
    8.633633634    3.826339149    3.826339149    3.826339149
    8.648648649    3.818834322    3.818834322    3.818834322
    8.663663664    3.811357450    3.811357450    3.811357450
    8.678678679    3.803908405    3.803908405    3.803908405
    8.693693694    3.796487058    3.796487058    3.796487058
    8.708708709    3.789093282    3.789093282    3.789093282
    8.723723724    3.781726951    3.781726951    3.781726951
    8.738738739    3.774387937    3.774387937    3.774387937
    8.753753754    3.767076117    3.767076117    3.767076117
    8.768768769    3.759791364    3.759791364    3.759791364
    8.783783784    3.752533556    3.752533556    3.752533556
    8.798798799    3.745302568    3.745302568    3.745302568
    8.813813814    3.738098278    3.738098278    3.738098278
    8.828828829    3.730920564    3.730920564    3.730920564
    8.843843844    3.723769304    3.723769304    3.723769304
    8.858858859    3.716644377    3.716644377    3.716644377
    8.873873874    3.709545662    3.709545662    3.709545662
    8.888888889    3.702473041    3.702473041    3.702473041
    8.903903904    3.695426395    3.695426395    3.695426395
    8.918918919    3.688405604    3.688405604    3.688405604
    8.933933934    3.681410550    3.681410550    3.681410550
    8.948948949    3.674441118    3.674441118    3.674441118
    8.963963964    3.667497190    3.667497190    3.667497190
    8.978978979    3.660578650    3.660578650    3.660578650
    8.993993994    3.653685382    3.653685382    3.653685382
    9.009009009    3.646817273    3.646817273    3.646817273
    9.024024024    3.639974208    3.639974208    3.639974208
    9.039039039    3.633156072    3.633156072    3.633156072
    9.054054054    3.626362754    3.626362754    3.626362754
    9.069069069    3.619594141    3.619594141    3.619594141
    9.084084084    3.612850121    3.612850121    3.612850121
    9.099099099    3.606130582    3.606130582    3.606130582
    9.114114114    3.599435414    3.599435414    3.599435414
    9.129129129    3.592764507    3.592764507    3.592764507
    9.144144144    3.586117751    3.586117751    3.586117751
    9.159159159    3.579495037    3.579495037    3.579495037
    9.174174174    3.572896257    3.572896257    3.572896257
    9.189189189    3.566321304    3.566321304    3.566321304
    9.204204204    3.559770068    3.559770068    3.559770068
    9.219219219    3.553242445    3.553242445    3.553242445
    9.234234234    3.546738328    3.546738328    3.546738328
    9.249249249    3.540257610    3.540257610    3.540257610
    9.264264264    3.533800187    3.533800187    3.533800187
    9.279279279    3.527365955    3.527365955    3.527365955
    9.294294294    3.520954809    3.520954809    3.520954809
    9.309309309    3.514566646    3.514566646    3.514566646
    9.324324324    3.508201363    3.508201363    3.508201363
    9.339339339    3.501858857    3.501858857    3.501858857
    9.354354354    3.495539027    3.495539027    3.495539027
    9.369369369    3.489241771    3.489241771    3.489241771
    9.384384384    3.482966989    3.482966989    3.482966989
    9.399399399    3.476714579    3.476714579    3.476714579
    9.414414414    3.470484442    3.470484442    3.470484442
    9.429429429    3.464276480    3.464276480    3.464276480
    9.444444444    3.458090592    3.458090592    3.458090592
    9.459459459    3.451926681    3.451926681    3.451926681
    9.474474474    3.445784650    3.445784650    3.445784650
    9.489489489    3.439664399    3.439664399    3.439664399
    9.504504505    3.433565834    3.433565834    3.433565834
    9.519519520    3.427488858    3.427488858    3.427488858
    9.534534535    3.421433374    3.421433374    3.421433374
    9.549549550    3.415399288    3.415399288    3.415399288
    9.564564565    3.409386504    3.409386504    3.409386504
    9.579579580    3.403394929    3.403394929    3.403394929
    9.594594595    3.397424469    3.397424469    3.397424469
    9.609609610    3.391475030    3.391475030    3.391475030
    9.624624625    3.385546519    3.385546519    3.385546519
    9.639639640    3.379638844    3.379638844    3.379638844
    9.654654655    3.373751913    3.373751913    3.373751913
    9.669669670    3.367885634    3.367885634    3.367885634
    9.684684685    3.362039917    3.362039917    3.362039917
    9.699699700    3.356214672    3.356214672    3.356214672
    9.714714715    3.350409807    3.350409807    3.350409807
    9.729729730    3.344625233    3.344625233    3.344625233
    9.744744745    3.338860861    3.338860861    3.338860861
    9.759759760    3.333116603    3.333116603    3.333116603
    9.774774775    3.327392371    3.327392371    3.327392371
    9.789789790    3.321688075    3.321688075    3.321688075
    9.804804805    3.316003630    3.316003630    3.316003630
    9.819819820    3.310338948    3.310338948    3.310338948
    9.834834835    3.304693943    3.304693943    3.304693943
    9.849849850    3.299068528    3.299068528    3.299068528
    9.864864865    3.293462619    3.293462619    3.293462619
    9.879879880    3.287876130    3.287876130    3.287876130
    9.894894895    3.282308975    3.282308975    3.282308975
    9.909909910    3.276761072    3.276761072    3.276761072
    9.924924925    3.271232336    3.271232336    3.271232336
    9.939939940    3.265722684    3.265722684    3.265722684
    9.954954955    3.260232033    3.260232033    3.260232033
    9.969969970    3.254760299    3.254760299    3.254760299
    9.984984985    3.249307402    3.249307402    3.249307402
   10.000000000    3.243873259    3.243873259    3.243873259
   10.015015015    3.238457788    3.238457788    3.238457788
   10.030030030    3.233060910    3.233060910    3.233060910
   10.045045045    3.227682543    3.227682543    3.227682543
   10.060060060    3.222322608    3.222322608    3.222322608
   10.075075075    3.216981024    3.216981024    3.216981024
   10.090090090    3.211657712    3.211657712    3.211657712
   10.105105105    3.206352594    3.206352594    3.206352594
   10.120120120    3.201065591    3.201065591    3.201065591
   10.135135135    3.195796625    3.195796625    3.195796625
   10.150150150    3.190545618    3.190545618    3.190545618
   10.165165165    3.185312493    3.185312493    3.185312493
   10.180180180    3.180097173    3.180097173    3.180097173
   10.195195195    3.174899581    3.174899581    3.174899581
   10.210210210    3.169719641    3.169719641    3.169719641
   10.225225225    3.164557278    3.164557278    3.164557278
   10.240240240    3.159412416    3.159412416    3.159412416
   10.255255255    3.154284980    3.154284980    3.154284980
   10.270270270    3.149174895    3.149174895    3.149174895
   10.285285285    3.144082088    3.144082088    3.144082088
   10.300300300    3.139006484    3.139006484    3.139006484
   10.315315315    3.133948010    3.133948010    3.133948010
   10.330330330    3.128906592    3.128906592    3.128906592
   10.345345345    3.123882158    3.123882158    3.123882158
   10.360360360    3.118874636    3.118874636    3.118874636
   10.375375375    3.113883953    3.113883953    3.113883953
   10.390390390    3.108910038    3.108910038    3.108910038
   10.405405405    3.103952819    3.103952819    3.103952819
   10.420420420    3.099012226    3.099012226    3.099012226
   10.435435435    3.094088187    3.094088187    3.094088187
   10.450450450    3.089180633    3.089180633    3.089180633
   10.465465465    3.084289494    3.084289494    3.084289494
   10.480480480    3.079414699    3.079414699    3.079414699
   10.495495495    3.074556181    3.074556181    3.074556181
   10.510510511    3.069713869    3.069713869    3.069713869
   10.525525526    3.064887696    3.064887696    3.064887696
   10.540540541    3.060077593    3.060077593    3.060077593
   10.555555556    3.055283493    3.055283493    3.055283493
   10.570570571    3.050505327    3.050505327    3.050505327
   10.585585586    3.045743029    3.045743029    3.045743029
   10.600600601    3.040996532    3.040996532    3.040996532
   10.615615616    3.036265769    3.036265769    3.036265769
   10.630630631    3.031550675    3.031550675    3.031550675
   10.645645646    3.026851183    3.026851183    3.026851183
   10.660660661    3.022167227    3.022167227    3.022167227
   10.675675676    3.017498744    3.017498744    3.017498744
   10.690690691    3.012845667    3.012845667    3.012845667
   10.705705706    3.008207932    3.008207932    3.008207932
   10.720720721    3.003585475    3.003585475    3.003585475
   10.735735736    2.998978232    2.998978232    2.998978232
   10.750750751    2.994386139    2.994386139    2.994386139
   10.765765766    2.989809134    2.989809134    2.989809134
   10.780780781    2.985247152    2.985247152    2.985247152
   10.795795796    2.980700132    2.980700132    2.980700132
   10.810810811    2.976168012    2.976168012    2.976168012
   10.825825826    2.971650728    2.971650728    2.971650728
   10.840840841    2.967148219    2.967148219    2.967148219
   10.855855856    2.962660425    2.962660425    2.962660425
   10.870870871    2.958187283    2.958187283    2.958187283
   10.885885886    2.953728733    2.953728733    2.953728733
   10.900900901    2.949284715    2.949284715    2.949284715
   10.915915916    2.944855168    2.944855168    2.944855168
   10.930930931    2.940440031    2.940440031    2.940440031
   10.945945946    2.936039247    2.936039247    2.936039247
   10.960960961    2.931652754    2.931652754    2.931652754
   10.975975976    2.927280495    2.927280495    2.927280495
   10.990990991    2.922922410    2.922922410    2.922922410
   11.006006006    2.918578441    2.918578441    2.918578441
   11.021021021    2.914248529    2.914248529    2.914248529
   11.036036036    2.909932617    2.909932617    2.909932617
   11.051051051    2.905630647    2.905630647    2.905630647
   11.066066066    2.901342562    2.901342562    2.901342562
   11.081081081    2.897068305    2.897068305    2.897068305
   11.096096096    2.892807818    2.892807818    2.892807818
   11.111111111    2.888561046    2.888561046    2.888561046
   11.126126126    2.884327932    2.884327932    2.884327932
   11.141141141    2.880108420    2.880108420    2.880108420
   11.156156156    2.875902454    2.875902454    2.875902454
   11.171171171    2.871709979    2.871709979    2.871709979
   11.186186186    2.867530940    2.867530940    2.867530940
   11.201201201    2.863365282    2.863365282    2.863365282
   11.216216216    2.859212951    2.859212951    2.859212951
   11.231231231    2.855073891    2.855073891    2.855073891
   11.246246246    2.850948049    2.850948049    2.850948049
   11.261261261    2.846835371    2.846835371    2.846835371
   11.276276276    2.842735804    2.842735804    2.842735804
   11.291291291    2.838649294    2.838649294    2.838649294
   11.306306306    2.834575788    2.834575788    2.834575788
   11.321321321    2.830515233    2.830515233    2.830515233
   11.336336336    2.826467576    2.826467576    2.826467576
   11.351351351    2.822432767    2.822432767    2.822432767
   11.366366366    2.818410751    2.818410751    2.818410751
   11.381381381    2.814401479    2.814401479    2.814401479
   11.396396396    2.810404897    2.810404897    2.810404897
   11.411411411    2.806420955    2.806420955    2.806420955
   11.426426426    2.802449602    2.802449602    2.802449602
   11.441441441    2.798490787    2.798490787    2.798490787
   11.456456456    2.794544459    2.794544459    2.794544459
   11.471471471    2.790610569    2.790610569    2.790610569
   11.486486486    2.786689065    2.786689065    2.786689065
   11.501501502    2.782779898    2.782779898    2.782779898
   11.516516517    2.778883019    2.778883019    2.778883019
   11.531531532    2.774998379    2.774998379    2.774998379
   11.546546547    2.771125927    2.771125927    2.771125927
   11.561561562    2.767265616    2.767265616    2.767265616
   11.576576577    2.763417396    2.763417396    2.763417396
   11.591591592    2.759581220    2.759581220    2.759581220
   11.606606607    2.755757038    2.755757038    2.755757038
   11.621621622    2.751944804    2.751944804    2.751944804
   11.636636637    2.748144469    2.748144469    2.748144469
   11.651651652    2.744355985    2.744355985    2.744355985
   11.666666667    2.740579307    2.740579307    2.740579307
   11.681681682    2.736814385    2.736814385    2.736814385
   11.696696697    2.733061175    2.733061175    2.733061175
   11.711711712    2.729319628    2.729319628    2.729319628
   11.726726727    2.725589700    2.725589700    2.725589700
   11.741741742    2.721871342    2.721871342    2.721871342
   11.756756757    2.718164511    2.718164511    2.718164511
   11.771771772    2.714469159    2.714469159    2.714469159
   11.786786787    2.710785242    2.710785242    2.710785242
   11.801801802    2.707112714    2.707112714    2.707112714
   11.816816817    2.703451529    2.703451529    2.703451529
   11.831831832    2.699801644    2.699801644    2.699801644
   11.846846847    2.696163014    2.696163014    2.696163014
   11.861861862    2.692535593    2.692535593    2.692535593
   11.876876877    2.688919339    2.688919339    2.688919339
   11.891891892    2.685314206    2.685314206    2.685314206
   11.906906907    2.681720151    2.681720151    2.681720151
   11.921921922    2.678137131    2.678137131    2.678137131
   11.936936937    2.674565102    2.674565102    2.674565102
   11.951951952    2.671004020    2.671004020    2.671004020
   11.966966967    2.667453844    2.667453844    2.667453844
   11.981981982    2.663914529    2.663914529    2.663914529
   11.996996997    2.660386034    2.660386034    2.660386034
   12.012012012    2.656868316    2.656868316    2.656868316
   12.027027027    2.653361333    2.653361333    2.653361333
   12.042042042    2.649865042    2.649865042    2.649865042
   12.057057057    2.646379403    2.646379403    2.646379403
   12.072072072    2.642904373    2.642904373    2.642904373
   12.087087087    2.639439912    2.639439912    2.639439912
   12.102102102    2.635985977    2.635985977    2.635985977
   12.117117117    2.632542528    2.632542528    2.632542528
   12.132132132    2.629109524    2.629109524    2.629109524
   12.147147147    2.625686924    2.625686924    2.625686924
   12.162162162    2.622274689    2.622274689    2.622274689
   12.177177177    2.618872777    2.618872777    2.618872777
   12.192192192    2.615481148    2.615481148    2.615481148
   12.207207207    2.612099764    2.612099764    2.612099764
   12.222222222    2.608728583    2.608728583    2.608728583
   12.237237237    2.605367567    2.605367567    2.605367567
   12.252252252    2.602016676    2.602016676    2.602016676
   12.267267267    2.598675871    2.598675871    2.598675871
   12.282282282    2.595345113    2.595345113    2.595345113
   12.297297297    2.592024364    2.592024364    2.592024364
   12.312312312    2.588713584    2.588713584    2.588713584
   12.327327327    2.585412735    2.585412735    2.585412735
   12.342342342    2.582121779    2.582121779    2.582121779
   12.357357357    2.578840678    2.578840678    2.578840678
   12.372372372    2.575569395    2.575569395    2.575569395
   12.387387387    2.572307890    2.572307890    2.572307890
   12.402402402    2.569056127    2.569056127    2.569056127
   12.417417417    2.565814069    2.565814069    2.565814069
   12.432432432    2.562581678    2.562581678    2.562581678
   12.447447447    2.559358917    2.559358917    2.559358917
   12.462462462    2.556145749    2.556145749    2.556145749
   12.477477477    2.552942138    2.552942138    2.552942138
   12.492492492    2.549748046    2.549748046    2.549748046
   12.507507508    2.546563439    2.546563439    2.546563439
   12.522522523    2.543388279    2.543388279    2.543388279
   12.537537538    2.540222530    2.540222530    2.540222530
   12.552552553    2.537066158    2.537066158    2.537066158
   12.567567568    2.533919125    2.533919125    2.533919125
   12.582582583    2.530781396    2.530781396    2.530781396
   12.597597598    2.527652937    2.527652937    2.527652937
   12.612612613    2.524533711    2.524533711    2.524533711
   12.627627628    2.521423684    2.521423684    2.521423684
   12.642642643    2.518322821    2.518322821    2.518322821
   12.657657658    2.515231088    2.515231088    2.515231088
   12.672672673    2.512148448    2.512148448    2.512148448
   12.687687688    2.509074869    2.509074869    2.509074869
   12.702702703    2.506010316    2.506010316    2.506010316
   12.717717718    2.502954755    2.502954755    2.502954755
   12.732732733    2.499908152    2.499908152    2.499908152
   12.747747748    2.496870473    2.496870473    2.496870473
   12.762762763    2.493841684    2.493841684    2.493841684
   12.777777778    2.490821753    2.490821753    2.490821753
   12.792792793    2.487810645    2.487810645    2.487810645
   12.807807808    2.484808328    2.484808328    2.484808328
   12.822822823    2.481814768    2.481814768    2.481814768
   12.837837838    2.478829932    2.478829932    2.478829932
   12.852852853    2.475853789    2.475853789    2.475853789
   12.867867868    2.472886304    2.472886304    2.472886304
   12.882882883    2.469927447    2.469927447    2.469927447
   12.897897898    2.466977184    2.466977184    2.466977184
   12.912912913    2.464035484    2.464035484    2.464035484
   12.927927928    2.461102314    2.461102314    2.461102314
   12.942942943    2.458177642    2.458177642    2.458177642
   12.957957958    2.455261438    2.455261438    2.455261438
   12.972972973    2.452353668    2.452353668    2.452353668
   12.987987988    2.449454303    2.449454303    2.449454303
   13.003003003    2.446563310    2.446563310    2.446563310
   13.018018018    2.443680658    2.443680658    2.443680658
   13.033033033    2.440806317    2.440806317    2.440806317
   13.048048048    2.437940256    2.437940256    2.437940256
   13.063063063    2.435082443    2.435082443    2.435082443
   13.078078078    2.432232848    2.432232848    2.432232848
   13.093093093    2.429391442    2.429391442    2.429391442
   13.108108108    2.426558192    2.426558192    2.426558192
   13.123123123    2.423733070    2.423733070    2.423733070
   13.138138138    2.420916046    2.420916046    2.420916046
   13.153153153    2.418107088    2.418107088    2.418107088
   13.168168168    2.415306168    2.415306168    2.415306168
   13.183183183    2.412513256    2.412513256    2.412513256
   13.198198198    2.409728322    2.409728322    2.409728322
   13.213213213    2.406951338    2.406951338    2.406951338
   13.228228228    2.404182273    2.404182273    2.404182273
   13.243243243    2.401421098    2.401421098    2.401421098
   13.258258258    2.398667786    2.398667786    2.398667786
   13.273273273    2.395922306    2.395922306    2.395922306
   13.288288288    2.393184630    2.393184630    2.393184630
   13.303303303    2.390454729    2.390454729    2.390454729
   13.318318318    2.387732575    2.387732575    2.387732575
   13.333333333    2.385018140    2.385018140    2.385018140
   13.348348348    2.382311395    2.382311395    2.382311395
   13.363363363    2.379612313    2.379612313    2.379612313
   13.378378378    2.376920864    2.376920864    2.376920864
   13.393393393    2.374237023    2.374237023    2.374237023
   13.408408408    2.371560759    2.371560759    2.371560759
   13.423423423    2.368892047    2.368892047    2.368892047
   13.438438438    2.366230858    2.366230858    2.366230858
   13.453453453    2.363577166    2.363577166    2.363577166
   13.468468468    2.360930942    2.360930942    2.360930942
   13.483483483    2.358292160    2.358292160    2.358292160
   13.498498498    2.355660793    2.355660793    2.355660793
   13.513513514    2.353036814    2.353036814    2.353036814
   13.528528529    2.350420195    2.350420195    2.350420195
   13.543543544    2.347810912    2.347810912    2.347810912
   13.558558559    2.345208936    2.345208936    2.345208936
   13.573573574    2.342614241    2.342614241    2.342614241
   13.588588589    2.340026802    2.340026802    2.340026802
   13.603603604    2.337446592    2.337446592    2.337446592
   13.618618619    2.334873585    2.334873585    2.334873585
   13.633633634    2.332307754    2.332307754    2.332307754
   13.648648649    2.329749075    2.329749075    2.329749075
   13.663663664    2.327197521    2.327197521    2.327197521
   13.678678679    2.324653066    2.324653066    2.324653066
   13.693693694    2.322115686    2.322115686    2.322115686
   13.708708709    2.319585355    2.319585355    2.319585355
   13.723723724    2.317062047    2.317062047    2.317062047
   13.738738739    2.314545737    2.314545737    2.314545737
   13.753753754    2.312036400    2.312036400    2.312036400
   13.768768769    2.309534012    2.309534012    2.309534012
   13.783783784    2.307038547    2.307038547    2.307038547
   13.798798799    2.304549981    2.304549981    2.304549981
   13.813813814    2.302068289    2.302068289    2.302068289
   13.828828829    2.299593446    2.299593446    2.299593446
   13.843843844    2.297125428    2.297125428    2.297125428
   13.858858859    2.294664211    2.294664211    2.294664211
   13.873873874    2.292209770    2.292209770    2.292209770
   13.888888889    2.289762082    2.289762082    2.289762082
   13.903903904    2.287321122    2.287321122    2.287321122
   13.918918919    2.284886866    2.284886866    2.284886866
   13.933933934    2.282459291    2.282459291    2.282459291
   13.948948949    2.280038373    2.280038373    2.280038373
   13.963963964    2.277624088    2.277624088    2.277624088
   13.978978979    2.275216413    2.275216413    2.275216413
   13.993993994    2.272815325    2.272815325    2.272815325
   14.009009009    2.270420799    2.270420799    2.270420799
   14.024024024    2.268032814    2.268032814    2.268032814
   14.039039039    2.265651345    2.265651345    2.265651345
   14.054054054    2.263276370    2.263276370    2.263276370
   14.069069069    2.260907866    2.260907866    2.260907866
   14.084084084    2.258545810    2.258545810    2.258545810
   14.099099099    2.256190180    2.256190180    2.256190180
   14.114114114    2.253840952    2.253840952    2.253840952
   14.129129129    2.251498104    2.251498104    2.251498104
   14.144144144    2.249161615    2.249161615    2.249161615
   14.159159159    2.246831460    2.246831460    2.246831460
   14.174174174    2.244507620    2.244507620    2.244507620
   14.189189189    2.242190070    2.242190070    2.242190070
   14.204204204    2.239878789    2.239878789    2.239878789
   14.219219219    2.237573756    2.237573756    2.237573756
   14.234234234    2.235274948    2.235274948    2.235274948
   14.249249249    2.232982343    2.232982343    2.232982343
   14.264264264    2.230695920    2.230695920    2.230695920
   14.279279279    2.228415658    2.228415658    2.228415658
   14.294294294    2.226141535    2.226141535    2.226141535
   14.309309309    2.223873528    2.223873528    2.223873528
   14.324324324    2.221611619    2.221611619    2.221611619
   14.339339339    2.219355783    2.219355783    2.219355783
   14.354354354    2.217106002    2.217106002    2.217106002
   14.369369369    2.214862254    2.214862254    2.214862254
   14.384384384    2.212624517    2.212624517    2.212624517
   14.399399399    2.210392771    2.210392771    2.210392771
   14.414414414    2.208166996    2.208166996    2.208166996
   14.429429429    2.205947170    2.205947170    2.205947170
   14.444444444    2.203733273    2.203733273    2.203733273
   14.459459459    2.201525284    2.201525284    2.201525284
   14.474474474    2.199323184    2.199323184    2.199323184
   14.489489489    2.197126951    2.197126951    2.197126951
   14.504504505    2.194936565    2.194936565    2.194936565
   14.519519520    2.192752007    2.192752007    2.192752007
   14.534534535    2.190573255    2.190573255    2.190573255
   14.549549550    2.188400291    2.188400291    2.188400291
   14.564564565    2.186233094    2.186233094    2.186233094
   14.579579580    2.184071645    2.184071645    2.184071645
   14.594594595    2.181915923    2.181915923    2.181915923
   14.609609610    2.179765909    2.179765909    2.179765909
   14.624624625    2.177621584    2.177621584    2.177621584
   14.639639640    2.175482927    2.175482927    2.175482927
   14.654654655    2.173349920    2.173349920    2.173349920
   14.669669670    2.171222544    2.171222544    2.171222544
   14.684684685    2.169100778    2.169100778    2.169100778
   14.699699700    2.166984603    2.166984603    2.166984603
   14.714714715    2.164874002    2.164874002    2.164874002
   14.729729730    2.162768954    2.162768954    2.162768954
   14.744744745    2.160669440    2.160669440    2.160669440
   14.759759760    2.158575443    2.158575443    2.158575443
   14.774774775    2.156486942    2.156486942    2.156486942
   14.789789790    2.154403920    2.154403920    2.154403920
   14.804804805    2.152326357    2.152326357    2.152326357
   14.819819820    2.150254235    2.150254235    2.150254235
   14.834834835    2.148187536    2.148187536    2.148187536
   14.849849850    2.146126242    2.146126242    2.146126242
   14.864864865    2.144070333    2.144070333    2.144070333
   14.879879880    2.142019792    2.142019792    2.142019792
   14.894894895    2.139974600    2.139974600    2.139974600
   14.909909910    2.137934740    2.137934740    2.137934740
   14.924924925    2.135900193    2.135900193    2.135900193
   14.939939940    2.133870941    2.133870941    2.133870941
   14.954954955    2.131846967    2.131846967    2.131846967
   14.969969970    2.129828253    2.129828253    2.129828253
   14.984984985    2.127814781    2.127814781    2.127814781
   15.000000000    2.125806533    2.125806533    2.125806533
